,0
0,114.0
1,115.0
2,116.0
30,123.0
31,125.0
32,125.0
33,117.0
34,116.0
35,114.0
39,114.0
40,114.0
41,119.0
57,118.0
58,110.0
59,117.0
84,118.0
85,119.0
86,121.0
87,123.0
88,127.0
89,128.0
90,123.0
91,125.0
92,120.0
105,126.0
106,126.0
107,127.0
114,131.0
115,125.0
116,127.0
123,127.0
124,124.0
125,129.0
156,114.0
157,117.0
174,123.0
175,120.0
176,123.0
177,124.0
178,123.0
179,131.0
180,121.0
181,119.0
182,124.0
183,121.0
184,123.0
185,124.0
186,117.0
187,121.0
188,123.0
189,118.0
190,123.0
191,121.0
210,125.0
211,127.0
212,126.0
213,124.0
214,126.0
215,126.0
222,116.0
223,107.0
224,108.0
234,115.0
235,116.0
236,117.0
237,121.0
238,121.0
239,119.0
240,138.0
241,130.0
242,152.0
243,121.0
244,124.0
245,126.0
246,118.0
247,117.0
248,117.0
249,117.0
250,118.0
251,123.0
252,118.0
253,112.0
254,123.0
255,125.0
256,120.0
257,117.0
279,126.0
280,126.0
281,126.0
288,140.0
289,133.0
290,134.0
303,119.0
304,131.0
305,125.0
306,124.0
307,131.0
308,133.0
309,127.0
310,125.0
311,125.0
327,108.0
328,104.0
329,99.0
330,108.0
331,108.0
332,110.0
333,118.0
334,118.0
335,114.0
336,110.0
337,114.0
338,110.0
339,104.0
340,107.0
341,109.0
342,108.0
343,109.0
344,114.0
345,110.0
346,106.0
347,104.0
348,108.0
349,104.0
350,104.0
351,105.0
352,109.0
353,110.0
354,118.0
355,118.0
356,118.0
393,114.0
394,113.0
395,117.0
423,123.0
424,123.0
425,124.0
426,117.0
427,113.0
428,115.0
432,114.0
433,118.0
434,113.0
450,109.0
451,110.0
452,110.0
477,118.0
478,118.0
479,116.0
480,123.0
481,123.0
482,120.0
483,117.0
484,108.0
485,118.0
498,126.0
499,124.0
500,123.0
507,127.0
508,125.0
509,124.0
516,125.0
517,125.0
518,123.0
549,109.0
567,124.0
568,118.0
569,118.0
570,125.0
571,123.0
572,127.0
573,116.0
574,118.0
575,117.0
576,118.0
577,120.0
578,116.0
579,117.0
580,117.0
581,119.0
582,118.0
583,116.0
584,121.0
603,124.0
604,126.0
605,121.0
606,124.0
607,123.0
608,114.0
615,123.0
616,108.0
617,104.0
627,117.0
628,114.0
629,109.0
630,121.0
631,115.0
632,116.0
633,126.0
634,137.0
635,137.0
636,114.0
637,117.0
638,118.0
639,113.0
640,107.0
641,115.0
642,113.0
643,113.0
644,109.0
645,117.0
646,118.0
647,118.0
648,124.0
649,119.0
650,115.0
672,123.0
673,119.0
674,125.0
681,130.0
682,134.0
683,134.0
696,121.0
697,115.0
698,118.0
699,126.0
700,123.0
701,132.0
702,121.0
703,130.0
704,128.0
720,108.0
721,104.0
722,99.0
723,104.0
724,99.0
725,99.0
726,116.0
727,114.0
728,113.0
729,114.0
730,114.0
731,104.0
732,104.0
733,104.0
734,104.0
735,109.0
736,104.0
737,104.0
738,98.0
739,104.0
740,104.0
741,109.0
742,99.0
743,104.0
744,104.0
745,104.0
746,104.0
747,121.0
748,115.0
749,116.0
786,209.0
787,205.0
788,202.0
789,202.0
794,205.0
795,205.0
796,205.0
797,205.0
798,205.0
799,205.0
800,205.0
801,202.0
802,205.0
803,202.0
804,197.0
813,202.0
814,202.0
815,209.0
816,205.0
817,197.0
818,205.0
819,209.0
820,205.0
835,205.0
836,201.0
837,205.0
838,209.0
839,209.0
840,209.0
841,209.0
842,209.0
843,205.0
844,205.0
845,203.0
846,209.0
847,205.0
848,209.0
849,201.0
850,205.0
855,202.0
856,205.0
857,205.0
858,201.0
859,202.0
860,202.0
861,205.0
862,202.0
863,197.0
864,202.0
865,197.0
866,202.0
867,205.0
868,202.0
869,205.0
870,209.0
890,206.0
891,202.0
892,205.0
893,209.0
894,197.0
895,205.0
896,202.0
897,205.0
898,205.0
899,206.0
900,205.0
901,202.0
902,205.0
903,205.0
904,209.0
909,197.0
910,201.0
911,205.0
912,205.0
913,202.0
914,202.0
915,202.0
916,193.0
920,202.0
921,205.0
922,202.0
923,209.0
924,202.0
925,197.0
926,202.0
927,202.0
928,201.0
929,202.0
930,202.0
931,202.0
932,205.0
933,205.0
934,201.0
935,205.0
936,194.0
937,205.0
938,202.0
943,205.0
944,205.0
945,209.0
946,202.0
947,209.0
948,209.0
949,202.0
950,209.0
951,205.0
952,209.0
953,205.0
954,205.0
970,205.0
971,202.0
972,209.0
973,209.0
974,209.0
975,209.0
976,205.0
977,205.0
978,209.0
979,209.0
980,209.0
989,209.0
990,209.0
991,209.0
992,209.0
996,209.0
997,205.0
998,205.0
999,205.0
1000,213.0
1001,209.0
1002,209.0
1003,209.0
1008,202.0
1009,202.0
1010,205.0
1011,205.0
1012,200.0
1013,205.0
1014,205.0
1015,205.0
1035,202.0
1036,202.0
1037,202.0
1038,205.0
1047,213.0
1048,202.0
1049,202.0
1050,205.0
1051,209.0
1052,202.0
1053,205.0
1054,205.0
1059,202.0
1060,205.0
1061,201.0
1062,205.0
1069,209.0
1070,209.0
1071,209.0
1072,213.0
1073,213.0
1074,213.0
1075,213.0
1076,209.0
1077,209.0
1078,209.0
1079,209.0
1080,209.0
1081,209.0
1082,213.0
1083,209.0
1084,209.0
1085,209.0
1086,213.0
1087,209.0
1088,213.0
1089,205.0
1090,209.0
1091,212.0
1092,213.0
1093,219.0
1094,213.0
1095,209.0
1096,205.0
1097,209.0
1098,209.0
1099,209.0
1100,209.0
1101,212.0
1102,209.0
1103,202.0
1104,209.0
1105,209.0
1110,209.0
1111,209.0
1112,202.0
1113,209.0
1122,205.0
1123,209.0
1124,209.0
1125,209.0
1126,202.0
1127,205.0
1128,201.0
1129,205.0
1130,209.0
1131,209.0
1132,209.0
1133,205.0
1137,205.0
1138,213.0
1139,209.0
1140,213.0
1141,209.0
1142,205.0
1143,202.0
1144,209.0
1145,206.0
1146,205.0
1147,209.0
1148,212.0
1149,205.0
1150,205.0
1151,213.0
1152,205.0
1153,209.0
1154,209.0
1155,213.0
1156,209.0
1157,209.0
1158,205.0
1159,209.0
1160,209.0
1164,202.0
1165,205.0
1166,205.0
1167,202.0
1168,202.0
1169,205.0
1170,205.0
1171,202.0
1172,205.0
1173,209.0
1174,209.0
1175,209.0
1176,202.0
1177,205.0
1178,205.0
1179,202.0
1180,205.0
1181,202.0
1182,197.0
1183,202.0
1184,202.0
1185,209.0
1186,205.0
1187,205.0
1188,209.0
1189,209.0
1190,209.0
1191,202.0
1192,213.0
1193,209.0
1194,205.0
1195,205.0
1196,202.0
1197,213.0
1198,209.0
1199,209.0
1200,202.0
1201,209.0
1202,205.0
1203,205.0
1204,209.0
1205,205.0
1206,209.0
1207,213.0
1208,202.0
1209,205.0
1210,202.0
1211,205.0
1212,202.0
1213,205.0
1214,209.0
1215,202.0
1216,205.0
1217,209.0
1218,202.0
1219,205.0
1220,209.0
1221,209.0
1222,205.0
1223,202.0
1224,202.0
1225,205.0
1226,205.0
1227,205.0
1228,202.0
1229,209.0
1230,205.0
1231,205.0
1232,202.0
1233,209.0
1237,202.0
1238,205.0
1239,202.0
1240,197.0
1241,202.0
1242,202.0
1243,209.0
1244,202.0
1245,197.0
1246,202.0
1247,197.0
1248,202.0
1249,206.0
1250,202.0
1251,205.0
1252,202.0
1257,213.0
1258,205.0
1259,209.0
1260,213.0
1261,209.0
1262,209.0
1263,213.0
1264,213.0
1265,205.0
1266,209.0
1267,205.0
1268,205.0
1269,209.0
1270,209.0
1271,205.0
1276,219.0
1277,212.0
1278,209.0
1279,205.0
1280,202.0
1281,205.0
1282,205.0
1283,202.0
1284,205.0
1285,202.0
1286,197.0
1287,202.0
1288,202.0
1289,205.0
1290,205.0
1291,209.0
1292,209.0
1293,205.0
1305,197.0
1306,202.0
1307,202.0
1308,199.0
1321,202.0
1322,197.0
1323,201.0
1324,205.0
1329,205.0
1330,202.0
1331,202.0
1332,205.0
1333,202.0
1334,205.0
1335,205.0
1336,205.0
1337,202.0
1338,205.0
1339,205.0
1344,205.0
1345,209.0
1346,213.0
1347,209.0
1348,202.0
1349,205.0
1350,202.0
1351,209.0
1352,209.0
1353,205.0
1354,205.0
1355,209.0
1356,202.0
1357,205.0
1358,205.0
1359,209.0
1360,209.0
1361,205.0
1362,209.0
1363,202.0
1364,205.0
1365,209.0
1366,205.0
1367,205.0
1368,202.0
1369,202.0
1370,209.0
1371,205.0
1372,205.0
1373,205.0
1374,202.0
1375,209.0
1376,209.0
1377,202.0
1378,205.0
1379,209.0
1380,205.0
1381,209.0
1382,205.0
1383,205.0
1384,205.0
1385,205.0
1386,209.0
1387,205.0
1388,209.0
1389,209.0
1390,205.0
1391,205.0
1392,78.0
1393,90.0
1396,78.0
1397,75.0
1398,64.0
1399,76.0
1404,71.0
1405,77.0
1406,76.0
1407,78.0
1408,74.0
1409,75.0
1418,71.0
1419,96.0
1420,64.0
1421,71.0
1422,64.0
1423,78.0
1424,71.0
1425,74.0
1429,64.0
1430,76.0
1431,78.0
1432,76.0
1433,78.0
1434,96.0
1435,96.0
1436,87.0
1448,78.0
1449,76.0
1450,64.0
1451,76.0
1452,78.0
1453,86.0
1454,71.0
1455,71.0
1459,76.0
1460,64.0
1461,75.0
1462,64.0
1463,78.0
1464,82.0
1465,78.0
1466,74.0
1467,91.0
1468,97.0
1471,68.0
1472,94.0
1473,92.0
1474,90.0
1475,74.0
1476,78.0
1481,94.0
1482,96.0
1483,89.0
1484,64.0
1486,71.0
1489,82.0
1490,72.0
1491,78.0
1494,74.0
1501,76.0
1502,78.0
1506,78.0
1510,64.0
1511,64.0
1516,78.0
1517,90.0
1518,96.0
1519,89.0
1520,76.0
1521,78.0
1522,91.0
1523,94.0
1524,70.0
1525,82.0
1526,96.0
1527,98.0
1528,91.0
1529,77.0
1530,90.0
1531,65.0
1532,78.0
1533,98.0
1534,74.0
1535,98.0
1536,96.0
1537,87.0
1540,90.0
1541,96.0
1546,98.0
1547,64.0
1548,90.0
1549,78.0
1550,78.0
1551,78.0
1555,64.0
1556,77.0
1557,100.0
1558,87.0
1559,71.0
1560,78.0
1561,78.0
1562,76.0
1563,78.0
1564,99.0
1565,87.0
1568,96.0
1569,78.0
1570,89.0
1571,99.0
1572,89.0
1573,64.0
1574,90.0
1575,96.0
1576,87.0
1577,92.0
1578,94.0
1579,100.0
1580,113.0
1581,78.0
1582,98.0
1583,97.0
1584,91.0
1585,95.0
1586,98.0
1587,71.0
1588,96.0
1589,96.0
1590,94.0
1591,94.0
1592,87.0
1593,96.0
1594,77.0
1595,77.0
1596,64.0
1597,94.0
1598,78.0
1599,78.0
1600,66.0
1601,78.0
1602,78.0
1603,78.0
1606,71.0
1607,71.0
1608,82.0
1609,76.0
1610,74.0
1611,76.0
1612,74.0
1613,71.0
1614,64.0
1615,94.0
1618,96.0
1619,94.0
1620,66.0
1625,101.0
1626,96.0
1627,91.0
1628,77.0
1629,71.0
1630,90.0
1635,74.0
1636,72.0
1637,94.0
1643,76.0
1644,77.0
1645,77.0
1647,78.0
1648,77.0
1649,71.0
1650,64.0
1651,94.0
1652,78.0
1653,78.0
1655,82.0
1656,96.0
1657,74.0
1658,95.0
1659,78.0
1660,76.0
1661,94.0
1662,74.0
1663,100.0
1664,90.0
1665,81.0
1666,91.0
1667,98.0
1668,78.0
1669,78.0
1670,74.0
1671,101.0
1672,210.0
1673,188.0
1681,191.0
1682,188.0
1683,186.0
1684,189.0
1685,184.0
1686,206.0
1689,196.0
1690,196.0
1691,203.0
1692,204.0
1693,207.0
1694,188.0
1698,186.0
1699,192.0
1705,184.0
1706,203.0
1707,207.0
1708,207.0
1709,202.0
1710,199.0
1711,206.0
1712,203.0
1713,204.0
1714,209.0
1716,197.0
1717,202.0
1718,197.0
1719,207.0
1723,199.0
1724,197.0
1725,216.0
1741,200.0
1742,191.0
1748,200.0
1749,190.0
1750,203.0
1751,221.0
1752,189.0
1753,211.0
1754,189.0
1755,219.0
1756,202.0
1760,206.0
1761,212.0
1762,210.0
1763,191.0
1764,208.0
1767,210.0
1768,185.0
1769,204.0
1771,192.0
1772,190.0
1773,185.0
1774,188.0
1775,195.0
1776,202.0
1777,203.0
1778,191.0
1779,221.0
1782,203.0
1783,207.0
1784,192.0
1785,187.0
1786,204.0
1792,204.0
1793,214.0
1794,205.0
1795,191.0
1796,196.0
1797,195.0
1800,204.0
1801,204.0
1802,187.0
1803,186.0
1804,186.0
1805,186.0
1806,187.0
1818,202.0
1820,188.0
1823,202.0
1824,189.0
1825,190.0
1826,70.0
1827,68.0
1829,64.0
1830,71.0
1831,70.0
1833,126.0
1834,127.0
1835,127.0
1836,127.0
1841,128.0
1842,131.0
1843,130.0
1844,127.0
1845,130.0
1846,128.0
1847,128.0
1848,128.0
1849,126.0
1850,130.0
1851,128.0
1852,129.0
1861,130.0
1862,130.0
1863,132.0
1864,127.0
1865,128.0
1866,127.0
1867,129.0
1884,131.0
1885,132.0
1886,132.0
1887,132.0
1888,133.0
1889,129.0
1890,131.0
1891,132.0
1892,126.0
1893,124.0
1894,124.0
1895,130.0
1896,130.0
1897,130.0
1902,127.0
1903,130.0
1904,127.0
1905,130.0
1906,128.0
1907,128.0
1908,129.0
1909,127.0
1910,126.0
1911,126.0
1912,124.0
1913,127.0
1914,127.0
1915,126.0
1916,127.0
1917,127.0
1938,132.0
1939,132.0
1940,130.0
1941,128.0
1942,123.0
1943,127.0
1944,126.0
1945,127.0
1946,129.0
1947,128.0
1948,130.0
1949,128.0
1950,128.0
1951,130.0
1952,130.0
1953,128.0
1958,127.0
1959,127.0
1960,127.0
1961,127.0
1962,128.0
1963,129.0
1964,135.0
1965,127.0
1970,131.0
1971,130.0
1972,133.0
1973,132.0
1974,126.0
1975,124.0
1976,128.0
1977,127.0
1978,123.0
1979,117.0
1980,121.0
1981,127.0
1982,128.0
1983,128.0
1984,130.0
1985,124.0
1986,123.0
1987,125.0
1988,127.0
1993,127.0
1994,128.0
1995,128.0
1996,127.0
1997,136.0
1998,145.0
1999,133.0
2000,129.0
2001,132.0
2002,128.0
2003,128.0
2020,134.0
2021,136.0
2022,140.0
2023,136.0
2024,136.0
2025,138.0
2026,135.0
2027,137.0
2028,132.0
2029,135.0
2030,136.0
2031,132.0
2040,134.0
2041,133.0
2042,137.0
2043,135.0
2048,131.0
2049,132.0
2050,130.0
2051,134.0
2052,132.0
2053,136.0
2054,133.0
2055,135.0
2060,128.0
2061,130.0
2062,131.0
2063,130.0
2064,128.0
2065,128.0
2066,132.0
2067,127.0
2087,127.0
2088,126.0
2089,126.0
2090,125.0
2099,122.0
2100,123.0
2101,122.0
2102,127.0
2103,130.0
2104,132.0
2105,130.0
2106,130.0
2111,128.0
2112,127.0
2113,124.0
2114,127.0
2123,135.0
2124,134.0
2125,140.0
2126,135.0
2127,136.0
2128,136.0
2129,134.0
2130,135.0
2131,136.0
2132,134.0
2133,130.0
2134,132.0
2135,135.0
2136,134.0
2137,132.0
2138,136.0
2139,133.0
2140,135.0
2141,132.0
2142,134.0
2143,132.0
2144,132.0
2145,135.0
2146,132.0
2147,134.0
2148,135.0
2149,140.0
2150,132.0
2151,132.0
2152,137.0
2153,128.0
2154,131.0
2155,136.0
2156,134.0
2157,136.0
2158,135.0
2159,132.0
2160,135.0
2161,151.0
2162,144.0
2167,132.0
2168,134.0
2169,132.0
2170,130.0
2179,134.0
2180,130.0
2181,132.0
2182,130.0
2183,132.0
2184,132.0
2185,131.0
2186,134.0
2187,136.0
2188,134.0
2189,134.0
2194,139.0
2195,135.0
2196,133.0
2197,134.0
2198,133.0
2199,140.0
2200,136.0
2201,140.0
2202,130.0
2203,132.0
2204,132.0
2205,134.0
2206,132.0
2207,130.0
2208,130.0
2209,132.0
2210,138.0
2211,147.0
2212,147.0
2213,137.0
2214,132.0
2215,131.0
2216,132.0
2217,135.0
2222,127.0
2223,126.0
2224,128.0
2225,130.0
2226,130.0
2227,128.0
2228,127.0
2229,128.0
2230,137.0
2231,134.0
2232,134.0
2233,135.0
2234,132.0
2235,132.0
2236,128.0
2237,129.0
2238,128.0
2239,128.0
2240,124.0
2241,131.0
2242,136.0
2243,132.0
2244,132.0
2245,129.0
2246,128.0
2247,132.0
2248,130.0
2249,132.0
2250,130.0
2251,128.0
2252,131.0
2253,132.0
2254,138.0
2255,133.0
2256,135.0
2257,132.0
2258,132.0
2259,131.0
2260,134.0
2261,134.0
2262,134.0
2263,134.0
2264,130.0
2265,129.0
2266,130.0
2267,132.0
2268,128.0
2269,132.0
2270,132.0
2271,128.0
2272,129.0
2273,130.0
2274,128.0
2275,130.0
2276,131.0
2277,129.0
2278,135.0
2279,134.0
2280,129.0
2281,130.0
2282,134.0
2283,128.0
2284,131.0
2285,134.0
2286,130.0
2287,130.0
2288,131.0
2289,130.0
2290,130.0
2295,125.0
2296,124.0
2297,125.0
2298,127.0
2299,126.0
2300,128.0
2301,127.0
2302,129.0
2303,127.0
2304,132.0
2305,126.0
2306,127.0
2307,125.0
2308,128.0
2309,125.0
2310,124.0
2314,138.0
2315,145.0
2316,128.0
2317,138.0
2318,140.0
2319,140.0
2320,140.0
2321,132.0
2322,132.0
2323,131.0
2324,131.0
2325,131.0
2326,134.0
2327,130.0
2328,130.0
2333,143.0
2334,140.0
2335,127.0
2336,139.0
2337,128.0
2338,125.0
2339,125.0
2340,125.0
2341,126.0
2342,125.0
2343,126.0
2344,124.0
2345,124.0
2346,125.0
2347,125.0
2348,123.0
2349,134.0
2350,148.0
2351,136.0
2352,138.0
2365,128.0
2366,128.0
2367,125.0
2368,127.0
2381,128.0
2382,128.0
2383,127.0
2384,128.0
2389,132.0
2390,135.0
2391,133.0
2392,132.0
2393,132.0
2394,128.0
2395,129.0
2396,134.0
2397,132.0
2398,130.0
2399,130.0
2404,134.0
2405,132.0
2406,132.0
2407,132.0
2408,134.0
2409,132.0
2410,134.0
2411,130.0
2412,135.0
2413,132.0
2414,132.0
2415,132.0
2416,134.0
2417,128.0
2418,131.0
2419,134.0
2420,131.0
2421,134.0
2422,132.0
2423,136.0
2424,131.0
2425,132.0
2426,132.0
2427,132.0
2428,133.0
2429,131.0
2430,132.0
2431,128.0
2432,134.0
2433,134.0
2434,131.0
2435,132.0
2436,132.0
2437,132.0
2438,134.0
2439,130.0
2440,136.0
2441,134.0
2442,134.0
2443,133.0
2444,133.0
2445,133.0
2446,135.0
2447,131.0
2448,133.0
2449,130.0
2450,133.0
2451,136.0
2452,132.0
2453,132.0
2454,134.0
2455,132.0
2456,79.0
2457,82.0
2458,85.0
2459,84.0
2464,85.0
2465,82.0
2466,85.0
2467,84.0
2468,80.0
2469,83.0
2470,83.0
2471,83.0
2472,83.0
2473,84.0
2474,81.0
2475,84.0
2484,81.0
2485,86.0
2486,87.0
2487,82.0
2488,81.0
2489,83.0
2490,82.0
2491,83.0
2508,88.0
2509,88.0
2510,87.0
2511,88.0
2512,88.0
2513,88.0
2514,87.0
2515,88.0
2516,82.0
2517,82.0
2518,80.0
2519,83.0
2520,83.0
2521,85.0
2522,83.0
2527,87.0
2528,87.0
2529,85.0
2530,83.0
2531,83.0
2532,88.0
2533,83.0
2534,82.0
2535,83.0
2536,84.0
2537,83.0
2538,82.0
2539,84.0
2540,84.0
2541,83.0
2542,85.0
2563,83.0
2564,83.0
2565,85.0
2566,86.0
2567,83.0
2568,80.0
2569,79.0
2570,83.0
2571,82.0
2572,83.0
2573,81.0
2574,90.0
2575,83.0
2576,82.0
2577,85.0
2578,80.0
2583,80.0
2584,81.0
2585,79.0
2586,82.0
2587,80.0
2588,79.0
2589,79.0
2594,83.0
2595,81.0
2596,84.0
2597,82.0
2598,80.0
2599,77.0
2600,79.0
2601,83.0
2602,81.0
2603,83.0
2604,79.0
2605,80.0
2606,81.0
2607,80.0
2608,83.0
2609,80.0
2610,79.0
2611,78.0
2612,79.0
2617,81.0
2618,81.0
2619,86.0
2620,81.0
2621,84.0
2622,85.0
2623,85.0
2624,86.0
2625,85.0
2626,85.0
2627,85.0
2644,91.0
2645,93.0
2646,89.0
2647,93.0
2648,91.0
2649,89.0
2650,91.0
2651,91.0
2652,89.0
2653,89.0
2654,96.0
2655,86.0
2664,89.0
2665,85.0
2666,91.0
2667,89.0
2672,85.0
2673,91.0
2674,92.0
2675,85.0
2676,85.0
2677,88.0
2678,95.0
2679,96.0
2684,83.0
2685,83.0
2686,83.0
2687,85.0
2688,81.0
2689,84.0
2690,82.0
2711,81.0
2712,83.0
2713,85.0
2714,83.0
2723,87.0
2724,78.0
2725,79.0
2726,81.0
2727,92.0
2728,91.0
2729,91.0
2730,91.0
2735,79.0
2736,82.0
2737,79.0
2738,83.0
2747,88.0
2748,91.0
2749,94.0
2750,87.0
2751,87.0
2752,91.0
2753,89.0
2754,90.0
2755,89.0
2756,89.0
2757,100.0
2758,89.0
2759,87.0
2760,88.0
2761,93.0
2762,90.0
2763,84.0
2764,85.0
2765,89.0
2766,86.0
2767,84.0
2768,84.0
2769,89.0
2770,87.0
2771,93.0
2772,89.0
2773,104.0
2774,91.0
2775,85.0
2776,86.0
2777,87.0
2778,86.0
2779,94.0
2780,91.0
2781,88.0
2782,89.0
2783,99.0
2784,93.0
2785,96.0
2790,94.0
2791,85.0
2792,86.0
2793,94.0
2802,94.0
2803,91.0
2804,89.0
2805,96.0
2806,81.0
2807,86.0
2808,88.0
2809,84.0
2810,92.0
2811,91.0
2812,96.0
2813,95.0
2818,120.0
2819,91.0
2820,97.0
2821,89.0
2822,88.0
2823,88.0
2824,110.0
2825,89.0
2826,84.0
2827,87.0
2828,86.0
2829,88.0
2830,85.0
2831,85.0
2832,85.0
2833,95.0
2834,102.0
2835,97.0
2836,90.0
2837,84.0
2838,89.0
2839,90.0
2844,83.0
2845,85.0
2846,86.0
2847,88.0
2848,86.0
2849,84.0
2850,88.0
2851,89.0
2852,91.0
2853,87.0
2854,91.0
2855,91.0
2856,88.0
2857,88.0
2858,86.0
2859,86.0
2860,84.0
2861,81.0
2862,82.0
2863,87.0
2864,91.0
2865,85.0
2866,87.0
2867,85.0
2868,94.0
2869,82.0
2870,89.0
2871,84.0
2872,88.0
2873,85.0
2874,89.0
2875,87.0
2876,89.0
2877,94.0
2878,88.0
2879,85.0
2880,85.0
2881,83.0
2882,87.0
2883,88.0
2884,91.0
2885,90.0
2886,98.0
2887,88.0
2888,83.0
2889,83.0
2890,85.0
2891,86.0
2892,86.0
2893,85.0
2894,89.0
2895,82.0
2896,89.0
2897,85.0
2898,82.0
2899,84.0
2900,85.0
2901,89.0
2902,90.0
2903,88.0
2904,91.0
2905,95.0
2906,91.0
2907,88.0
2908,88.0
2909,91.0
2910,95.0
2911,86.0
2912,83.0
2913,84.0
2914,82.0
2919,81.0
2920,80.0
2921,79.0
2922,81.0
2923,81.0
2924,89.0
2925,81.0
2926,79.0
2927,81.0
2928,81.0
2929,79.0
2930,83.0
2931,83.0
2932,82.0
2933,81.0
2934,79.0
2939,91.0
2940,92.0
2941,99.0
2942,104.0
2943,100.0
2944,98.0
2945,92.0
2946,94.0
2947,82.0
2948,92.0
2949,87.0
2950,86.0
2951,80.0
2952,80.0
2953,85.0
2954,86.0
2959,102.0
2960,81.0
2961,82.0
2962,83.0
2963,85.0
2964,82.0
2965,83.0
2966,88.0
2967,86.0
2968,80.0
2969,83.0
2970,81.0
2971,89.0
2972,91.0
2973,91.0
2974,96.0
2975,96.0
2988,84.0
2989,83.0
2990,87.0
2991,89.0
3004,79.0
3005,84.0
3006,83.0
3007,85.0
3011,85.0
3012,85.0
3013,85.0
3014,86.0
3015,80.0
3016,81.0
3017,79.0
3018,83.0
3019,85.0
3020,89.0
3021,86.0
3022,88.0
3027,91.0
3028,89.0
3029,92.0
3030,87.0
3031,88.0
3032,88.0
3033,87.0
3034,91.0
3035,87.0
3036,91.0
3037,90.0
3038,85.0
3039,85.0
3040,94.0
3041,89.0
3042,87.0
3043,90.0
3044,88.0
3045,87.0
3046,88.0
3047,89.0
3048,88.0
3049,89.0
3050,85.0
3051,85.0
3052,91.0
3053,83.0
3054,89.0
3055,88.0
3056,88.0
3057,87.0
3058,86.0
3059,88.0
3060,88.0
3061,89.0
3062,87.0
3063,95.0
3064,95.0
3065,90.0
3066,87.0
3067,88.0
3068,91.0
3069,89.0
3070,86.0
3071,91.0
3072,88.0
3073,88.0
3074,88.0
3075,88.0
3076,92.0
3077,88.0
3078,136.0
3079,140.0
3080,145.0
3081,146.0
3082,145.0
3083,141.0
3099,147.0
3100,144.0
3101,146.0
3102,141.0
3103,140.0
3104,140.0
3105,141.0
3106,141.0
3107,142.0
3111,147.0
3112,145.0
3113,145.0
3114,141.0
3115,141.0
3116,140.0
3117,141.0
3118,136.0
3119,140.0
3129,142.0
3130,141.0
3131,138.0
3132,137.0
3133,143.0
3134,146.0
3135,139.0
3136,137.0
3137,135.0
3138,137.0
3139,142.0
3140,135.0
3153,141.0
3154,147.0
3155,146.0
3156,143.0
3157,154.0
3158,148.0
3159,154.0
3160,152.0
3161,152.0
3162,148.0
3163,152.0
3164,142.0
3165,152.0
3166,145.0
3167,148.0
3168,148.0
3169,148.0
3170,151.0
3171,144.0
3172,151.0
3173,148.0
3174,152.0
3175,142.0
3176,143.0
3180,152.0
3181,152.0
3182,152.0
3183,150.0
3184,152.0
3185,154.0
3192,151.0
3193,152.0
3194,153.0
3195,150.0
3196,152.0
3197,152.0
3231,138.0
3232,136.0
3233,137.0
3240,152.0
3241,143.0
3242,152.0
3243,150.0
3244,147.0
3245,156.0
3246,152.0
3247,151.0
3248,152.0
3249,143.0
3250,150.0
3251,152.0
3252,147.0
3253,146.0
3254,144.0
3255,150.0
3256,146.0
3257,148.0
3258,149.0
3259,149.0
3260,149.0
3270,148.0
3271,150.0
3272,151.0
3282,152.0
3283,159.0
3284,152.0
3285,142.0
3286,149.0
3287,152.0
3288,150.0
3289,152.0
3290,151.0
3291,150.0
3292,147.0
3293,152.0
3294,147.0
3295,149.0
3296,147.0
3297,143.0
3298,144.0
3299,139.0
3309,146.0
3310,150.0
3311,138.0
3312,141.0
3313,143.0
3314,142.0
3321,148.0
3322,148.0
3323,148.0
3324,143.0
3325,141.0
3326,138.0
3327,146.0
3328,148.0
3329,143.0
3330,146.0
3331,152.0
3332,150.0
3333,150.0
3334,147.0
3335,146.0
3336,143.0
3337,143.0
3338,143.0
3339,146.0
3340,152.0
3341,144.0
3345,138.0
3346,136.0
3347,137.0
3348,142.0
3349,147.0
3350,142.0
3351,139.0
3352,137.0
3353,140.0
3360,152.0
3361,151.0
3362,150.0
3363,154.0
3364,152.0
3365,154.0
3366,158.0
3367,154.0
3368,154.0
3378,154.0
3379,156.0
3380,154.0
3381,148.0
3382,152.0
3383,154.0
3384,155.0
3385,154.0
3386,151.0
3387,154.0
3388,151.0
3389,154.0
3390,154.0
3391,154.0
3392,152.0
3393,152.0
3394,153.0
3395,154.0
3396,148.0
3397,147.0
3398,150.0
3399,150.0
3400,148.0
3401,148.0
3408,154.0
3409,154.0
3410,135.0
3411,133.0
3412,138.0
3413,136.0
3414,135.0
3415,137.0
3416,141.0
3417,136.0
3418,144.0
3419,140.0
3420,137.0
3421,141.0
3422,138.0
3423,141.0
3424,142.0
3425,141.0
3426,142.0
3427,136.0
3452,146.0
3453,152.0
3454,152.0
3461,148.0
3462,146.0
3463,146.0
3467,145.0
3468,146.0
3469,148.0
3470,150.0
3471,146.0
3472,143.0
3473,127.0
3474,127.0
3475,125.0
3476,133.0
3477,130.0
3478,130.0
3494,133.0
3495,133.0
3496,133.0
3497,129.0
3498,128.0
3499,128.0
3500,130.0
3501,127.0
3502,127.0
3506,132.0
3507,130.0
3508,129.0
3509,129.0
3510,127.0
3511,128.0
3512,128.0
3513,125.0
3514,128.0
3524,130.0
3525,130.0
3526,127.0
3527,127.0
3528,128.0
3529,127.0
3530,128.0
3531,127.0
3532,122.0
3533,126.0
3534,126.0
3535,122.0
3548,132.0
3549,127.0
3550,128.0
3551,134.0
3552,134.0
3553,134.0
3554,138.0
3555,136.0
3556,136.0
3557,136.0
3558,134.0
3559,131.0
3560,132.0
3561,136.0
3562,140.0
3563,142.0
3564,136.0
3565,136.0
3566,134.0
3567,134.0
3568,132.0
3569,133.0
3570,130.0
3571,132.0
3575,136.0
3576,138.0
3577,137.0
3578,138.0
3579,136.0
3580,136.0
3587,138.0
3588,138.0
3589,136.0
3590,136.0
3591,136.0
3592,136.0
3626,130.0
3627,126.0
3628,123.0
3635,136.0
3636,136.0
3637,136.0
3638,133.0
3639,136.0
3640,136.0
3641,136.0
3642,138.0
3643,136.0
3644,135.0
3645,136.0
3646,133.0
3647,132.0
3648,132.0
3649,130.0
3650,136.0
3651,135.0
3652,130.0
3653,132.0
3654,133.0
3655,134.0
3665,134.0
3666,132.0
3667,136.0
3677,141.0
3678,136.0
3679,138.0
3680,135.0
3681,134.0
3682,135.0
3683,136.0
3684,134.0
3685,135.0
3686,134.0
3687,135.0
3688,135.0
3689,135.0
3690,136.0
3691,136.0
3692,129.0
3693,136.0
3694,129.0
3704,133.0
3705,134.0
3706,136.0
3707,127.0
3708,128.0
3709,128.0
3716,136.0
3717,136.0
3718,136.0
3719,127.0
3720,127.0
3721,128.0
3722,136.0
3723,135.0
3724,136.0
3725,134.0
3726,136.0
3727,132.0
3728,133.0
3729,134.0
3730,132.0
3731,133.0
3732,130.0
3733,132.0
3734,132.0
3735,134.0
3736,129.0
3740,127.0
3741,123.0
3742,121.0
3743,121.0
3744,121.0
3745,131.0
3746,128.0
3747,127.0
3748,127.0
3755,136.0
3756,134.0
3757,136.0
3758,138.0
3759,138.0
3760,137.0
3761,140.0
3762,140.0
3763,139.0
3773,138.0
3774,140.0
3775,144.0
3776,140.0
3777,138.0
3778,136.0
3779,138.0
3780,136.0
3781,136.0
3782,138.0
3783,136.0
3784,136.0
3785,134.0
3786,135.0
3787,134.0
3788,140.0
3789,140.0
3790,141.0
3791,134.0
3792,132.0
3793,133.0
3794,130.0
3795,133.0
3796,129.0
3803,144.0
3804,142.0
3805,140.0
3806,127.0
3807,127.0
3808,127.0
3809,128.0
3810,127.0
3811,125.0
3812,130.0
3813,128.0
3814,128.0
3815,123.0
3816,124.0
3817,127.0
3818,128.0
3819,129.0
3820,126.0
3821,121.0
3822,121.0
3823,121.0
3848,136.0
3849,134.0
3850,134.0
3857,135.0
3858,132.0
3859,132.0
3863,136.0
3864,135.0
3865,134.0
3866,136.0
3867,133.0
3868,135.0
3869,78.0
3870,78.0
3871,78.0
3872,78.0
3873,78.0
3874,81.0
3890,85.0
3891,85.0
3892,84.0
3893,76.0
3894,77.0
3895,76.0
3896,72.0
3897,72.0
3898,76.0
3902,78.0
3903,78.0
3904,77.0
3905,78.0
3906,76.0
3907,76.0
3908,76.0
3909,76.0
3910,76.0
3920,81.0
3921,78.0
3922,76.0
3923,77.0
3924,78.0
3925,75.0
3926,75.0
3927,76.0
3928,78.0
3929,73.0
3930,74.0
3943,78.0
3944,78.0
3945,78.0
3946,83.0
3947,83.0
3948,81.0
3949,86.0
3950,89.0
3951,89.0
3952,83.0
3953,81.0
3954,83.0
3955,78.0
3956,84.0
3957,83.0
3958,86.0
3959,87.0
3960,78.0
3961,83.0
3962,81.0
3963,78.0
3964,80.0
3965,81.0
3966,81.0
3970,89.0
3971,87.0
3972,87.0
3973,84.0
3974,86.0
3975,87.0
3982,87.0
3983,86.0
3984,89.0
3985,86.0
3986,87.0
3987,86.0
4021,76.0
4022,72.0
4023,73.0
4030,87.0
4031,83.0
4032,81.0
4033,83.0
4034,83.0
4035,81.0
4036,83.0
4037,86.0
4038,88.0
4039,87.0
4040,87.0
4041,83.0
4042,83.0
4043,83.0
4044,86.0
4045,88.0
4046,89.0
4047,85.0
4048,87.0
4049,86.0
4050,87.0
4060,78.0
4061,83.0
4062,79.0
4072,89.0
4073,84.0
4074,82.0
4075,81.0
4076,81.0
4077,82.0
4078,88.0
4079,87.0
4080,86.0
4081,86.0
4082,86.0
4083,86.0
4084,86.0
4085,83.0
4086,81.0
4087,81.0
4088,78.0
4089,78.0
4099,79.0
4100,83.0
4101,78.0
4102,78.0
4103,78.0
4104,76.0
4111,87.0
4112,78.0
4113,87.0
4114,81.0
4115,78.0
4116,78.0
4117,90.0
4118,86.0
4119,81.0
4120,82.0
4121,78.0
4122,76.0
4123,76.0
4124,81.0
4125,78.0
4126,83.0
4127,81.0
4128,81.0
4129,83.0
4130,87.0
4131,83.0
4135,74.0
4136,72.0
4137,78.0
4138,78.0
4139,78.0
4140,76.0
4141,77.0
4142,73.0
4143,72.0
4150,85.0
4151,83.0
4152,83.0
4153,83.0
4154,86.0
4155,87.0
4156,86.0
4157,87.0
4158,86.0
4168,91.0
4169,87.0
4170,87.0
4171,86.0
4172,87.0
4173,86.0
4174,87.0
4175,84.0
4176,85.0
4177,81.0
4178,86.0
4179,84.0
4180,83.0
4181,86.0
4182,93.0
4183,87.0
4184,86.0
4185,87.0
4186,79.0
4187,76.0
4188,78.0
4189,82.0
4196,94.0
4197,92.0
4198,89.0
4199,78.0
4200,78.0
4201,79.0
4202,76.0
4203,78.0
4204,78.0
4205,83.0
4206,81.0
4207,81.0
4208,83.0
4209,78.0
4210,82.0
4211,81.0
4212,80.0
4213,78.0
4214,76.0
4215,78.0
4216,76.0
4241,86.0
4242,83.0
4243,83.0
4250,81.0
4251,83.0
4252,81.0
4256,86.0
4257,86.0
4258,83.0
4259,87.0
4260,84.0
4261,84.0
