Weights population #1
Weight: [0.12124532 0.11776909 0.8310155  0.08029992 0.51360407 0.41834712
 0.73255484 0.34555118 0.26749646 0.07732743 0.10152924 0.26899819
 0.14547713 0.13950076 0.46094903 0.35866331 0.49981751 0.18393485
 0.24000361 0.27543597 0.9692298  0.31124532 0.91399859 1.
 0.97870644 0.         0.92302107 0.13755186 0.88558799 0.30752105
 0.69572237 0.29574099 0.84854297 0.79554441 0.77009796 0.53320568
 0.9343528  0.31064932 0.03070482 0.39357373 0.57983225 0.26680639
 0.61235798 0.32423522 0.01021809 0.06359366 0.70298719 0.81255719
 0.32990162 0.84793259 0.2348585  0.86740934 0.77279806 0.36000495
 0.11853491 0.02917852 0.04322092 0.         0.         0.0483171
 0.7317502  0.38390392 0.22352046 0.47512877 0.48960294 0.35081965
 0.52176577 0.74822122 0.94924054 0.85457558 0.2645635  0.27493034
 0.00767907 0.5264341  0.52491592 0.50592329 0.29824019 0.51097218
 0.73449606 0.26758041 0.80103682 0.5400391  0.40658161 0.83843316
 0.84992903 0.03432964 0.97146525 0.74978493 0.         0.1176756
 0.43190465 0.49343929 0.29510671 0.16791715 0.39630657 0.13220241
 0.14584246 0.41932015 0.03560182 0.9825509 ]
Weights population #2
Weight: [0.05877909 0.11362575 0.79776163 0.15382836 0.58436395 0.30983297
 0.72048407 0.35441518 0.57725455 0.09702884 0.03353407 0.09972614
 0.00504532 0.43215612 0.3738281  0.47275246 0.31773875 0.47812971
 0.22883495 0.10856415 0.96948866 0.49038118 1.         0.84559285
 0.83737532 0.26691879 0.93594723 0.23762409 0.66902209 0.27965256
 0.61761452 0.16315911 0.83020285 0.03026468 0.92691459 0.59799983
 1.         0.3137664  0.99638381 0.18672393 0.48125385 0.41056335
 0.93542489 0.4939638  0.22935389 0.33627599 0.59677825 0.84616157
 0.18936393 0.23264076 0.16546197 0.8486898  0.57446782 0.32584437
 0.02227965 0.14378075 0.30738135 0.13722233 0.         0.19412535
 0.69570856 0.35579051 0.54483301 0.5439239  0.45123559 0.7534715
 0.31469266 0.71093541 0.50874134 0.80103449 0.         0.36217885
 0.1716495  0.44827815 0.49391867 0.36557161 0.24242512 0.35794948
 0.66201217 0.32858336 0.73794745 0.         0.86056671 0.74549669
 0.91151057 0.23250805 0.82807745 0.21433879 0.06389476 0.09170127
 0.91830472 0.46258027 0.02140573 0.34070725 0.37076429 0.11556171
 0.10687872 0.32319873 0.23684444 0.97278108]
Weights population #3
Weight: [0.21829533 0.06761083 0.82751962 0.14705401 0.63368667 0.39646531
 0.88878643 0.0194543  0.24204338 0.09731469 0.02987375 0.30288259
 0.         0.28019325 0.41803026 0.44759468 0.82409354 0.51320037
 0.23280782 0.07143573 0.95966705 0.43308979 0.98994311 0.80734017
 0.76633006 0.18349591 0.8871384  0.08882844 0.65219705 0.30665656
 0.54315405 0.18335921 0.75373129 0.60908039 0.48935017 0.39556281
 0.97428589 0.32978712 0.52940614 0.51344492 0.52790844 0.36274206
 0.8784096  0.42969428 0.25401002 0.09127848 0.23462717 0.67986282
 0.16223837 0.87939187 0.21550251 0.82715092 0.98280502 0.36867443
 0.00154508 0.18991046 0.22639903 0.18402706 0.02157801 0.24068495
 0.05818602 0.52220249 0.1780114  0.60189269 0.48966073 0.37802412
 0.54087685 0.76292085 0.88280116 0.74461854 0.22616206 0.36055406
 0.13965357 0.51111675 0.51307862 0.33361774 0.23200163 0.40651707
 0.75307029 0.24420051 0.82708114 0.         0.45899491 0.88586245
 0.876208   0.20760451 0.7913584  0.50865235 0.11272085 0.11620581
 0.81754302 0.45694572 0.11626484 0.39297558 0.30435757 0.07035222
 0.13015218 0.33141937 0.22114657 0.70687819]
Weights population #4
Weight: [2.61569140e-04 3.39627319e-01 1.44652569e-01 1.50713715e-01
 3.12804873e-01 3.34432232e-01 7.66553343e-01 3.47360954e-01
 5.54121190e-01 8.68760651e-02 1.72508312e-01 0.00000000e+00
 5.89536769e-02 4.57920608e-01 3.54061483e-01 5.36135725e-01
 5.16339983e-01 2.71907651e-01 2.77372928e-01 7.95024011e-02
 8.60100998e-01 7.36791863e-01 9.46821635e-01 9.83880373e-01
 9.14141966e-01 3.51125312e-03 9.77243943e-01 2.22924562e-01
 8.45061535e-01 2.77139749e-01 8.98167976e-01 2.84420345e-01
 8.42989384e-01 8.68145095e-01 7.11613118e-01 5.22182873e-01
 9.90340946e-01 3.00837523e-01 0.00000000e+00 1.85660288e-01
 8.99114170e-01 7.00441552e-01 9.82078055e-01 4.53025509e-01
 5.73720457e-02 0.00000000e+00 6.39223612e-01 7.24026716e-01
 2.48157045e-01 8.92581965e-01 3.46395634e-01 9.45903359e-01
 6.54330798e-01 7.99468805e-01 1.34404081e-01 2.04789456e-01
 2.34160428e-02 2.27170678e-02 1.42741468e-01 1.99037804e-01
 7.51006866e-01 4.32592951e-01 2.20408701e-01 3.03413147e-01
 7.63176576e-01 1.97096614e-01 2.93662738e-01 1.00000000e+00
 1.00000000e+00 8.52020217e-01 1.33275627e-01 3.87376772e-01
 1.69965828e-02 2.96869009e-03 4.63659161e-01 8.37788477e-01
 7.76851350e-01 5.30436879e-01 5.69198251e-01 3.96966661e-01
 7.44852449e-01 6.30530814e-02 5.29342800e-01 8.68537988e-01
 7.45096771e-01 3.18094159e-01 8.25265474e-01 4.90117844e-01
 4.39647492e-01 1.66012201e-01 7.97957660e-01 4.69341495e-01
 5.76217092e-01 2.11563831e-01 3.11539056e-01 2.62084738e-02
 1.14880295e-01 4.87456019e-01 2.00408974e-01 6.62058241e-01]
Weights population #5
Weight: [0.01037222 0.22743681 0.37331065 0.09122729 0.57943491 0.40462055
 0.73845085 0.28803432 0.57467925 0.11111541 0.00146689 0.24733437
 0.11418708 0.10391789 0.41453983 0.44653514 0.71338428 0.03444515
 0.30761201 0.58007795 0.83869615 1.         0.4077152  0.97584921
 0.7574528  0.04960594 0.77346499 0.10532078 0.97172853 0.12075344
 0.12367757 0.38860895 0.62318989 0.77467619 0.79212348 0.45118427
 1.         0.45791261 0.2602458  0.41495769 0.63113866 0.43604109
 0.49787366 0.56121089 0.02362433 0.33506972 0.1908139  1.
 0.12292716 0.91386133 0.21094053 0.66727069 0.79180517 0.50223131
 0.         0.35254792 0.         0.15616052 0.2328515  0.28742597
 0.85228129 0.48549508 0.22669344 0.51071301 0.55850113 0.22210522
 0.5609685  0.95341079 0.90946446 0.58335659 0.37178201 0.56114284
 0.22361181 0.05388883 0.55331658 0.47261443 0.43652189 0.52775976
 0.59664224 0.40288515 0.8204481  0.15738274 0.77733071 0.93606178
 0.91809675 0.17427553 0.6404434  0.65566903 0.51256548 0.
 0.33766478 0.350151   0.1797613  0.30956343 0.32532517 0.02941394
 0.09778638 0.40439057 0.1490216  0.75916545]
Weights population #6
Weight: [2.39614845e-01 1.68596350e-01 6.18081381e-01 1.58005540e-01
 6.42187066e-01 2.92014733e-01 1.00000000e+00 2.52461561e-01
 4.89972147e-01 7.15453129e-02 2.18336389e-01 3.06485402e-01
 4.15098213e-02 7.26395850e-02 3.80365299e-01 3.79426460e-01
 2.74654664e-01 4.51183636e-01 2.34014871e-01 5.01783688e-01
 9.63850338e-01 4.17351908e-01 5.91625853e-01 8.81934407e-01
 8.95142460e-01 0.00000000e+00 1.00000000e+00 3.84398554e-02
 7.14113665e-01 3.21123811e-01 6.64112447e-01 2.59181798e-01
 1.00000000e+00 4.98496165e-01 8.03565374e-01 4.22223371e-01
 8.46398287e-01 4.93710429e-01 3.05479432e-01 4.98210768e-01
 8.03773825e-01 3.04123275e-01 1.00000000e+00 4.61343656e-01
 2.18775595e-01 8.52252310e-02 3.71810901e-01 3.97821448e-01
 5.54845428e-01 2.64426754e-01 2.15659727e-01 5.92515815e-01
 9.51956249e-01 2.21830390e-01 1.96662089e-01 2.47401703e-01
 0.00000000e+00 1.84846398e-01 8.76439080e-04 2.32983066e-01
 3.71792108e-01 3.53307678e-01 3.16977175e-01 5.39166609e-01
 4.89416332e-01 4.61922867e-01 2.54621240e-01 5.98745939e-01
 8.93089117e-01 8.68297108e-01 2.50095436e-01 2.65680238e-01
 6.24932093e-02 5.38271536e-01 4.88780077e-01 4.02598978e-01
 3.65526832e-02 3.67234063e-01 8.35968069e-01 3.41571779e-01
 8.90405151e-01 5.96968526e-01 5.22627964e-01 8.31434071e-01
 8.79659607e-01 4.81165829e-02 5.95599171e-01 1.72055197e-01
 3.58633361e-02 8.18624186e-02 4.91400969e-01 3.24262120e-01
 6.82837211e-04 3.43446054e-01 1.96523099e-01 1.23314395e-01
 1.19785846e-01 4.10184398e-01 2.28764826e-02 7.57701262e-01]
Weights population #7
Weight: [0.03800651 0.17783428 0.64284023 0.12790842 0.55315531 0.30848411
 0.6949902  0.2402653  0.52839278 0.08542942 0.01368689 0.32757063
 0.06282809 0.19202641 0.41508981 0.45644661 0.2528316  0.17498287
 0.25440131 0.5773401  0.92619298 0.53439524 0.34984597 0.99678426
 0.99375069 0.02297084 0.87693391 0.02671389 0.87133634 0.3150439
 0.81170457 0.25319761 0.98981098 0.59712892 0.78839059 0.42303814
 0.83149232 0.49660148 0.28149398 0.14528042 0.85584587 0.40243199
 0.92599222 0.5079038  0.00919771 0.2676034  0.22835422 0.3643023
 0.60478743 0.07079036 0.22548725 0.57726381 0.78156241 0.21115437
 0.02538076 0.21910208 0.05774812 0.20533845 0.03496711 0.17596658
 0.22079377 0.42992723 0.3246478  0.2500131  0.41581214 0.48318805
 0.28275298 0.5511377  0.80976308 0.90970864 0.28064549 0.38905235
 0.02115944 0.6301489  0.52139055 0.51331031 0.01820642 0.35821151
 0.80048641 0.41613022 0.95039004 0.01167471 0.63789058 0.85083957
 0.84234053 0.15354474 0.54529415 0.15688441 0.32530482 0.13997639
 0.48032408 0.30130539 0.         0.18760691 0.17888795 0.11993594
 0.13799029 0.4230346  0.0327906  0.81453827]
Weights population #8
Weight: [0.         0.14136937 0.61918972 0.13667388 0.62389339 0.29590735
 0.69673393 0.27227808 0.55490012 0.08435952 0.01285992 0.25205568
 0.04978764 0.2259535  0.42880552 0.39934204 0.27401862 0.36671526
 0.23504778 0.60014616 0.96575689 0.47685687 0.46151739 0.89233447
 0.87851301 0.01552755 0.87923053 0.         0.7252906  0.30779049
 0.72259805 0.25872946 0.96904983 0.61658269 0.81491385 0.44979468
 0.88109892 0.48828032 0.27241499 0.15543866 0.66081368 0.29498101
 1.         0.49877238 0.20440411 0.29641874 0.30962237 0.36851369
 0.53432847 0.15525742 0.08814287 0.59720298 0.84573352 0.2481984
 0.1938312  0.19463059 0.         0.13800063 0.02096346 0.16978836
 0.25517884 0.37641019 0.30815227 0.22097871 0.41743323 0.48656362
 0.2629287  0.54691143 0.91579456 0.84068425 0.31206033 0.43333431
 0.1373438  0.56259296 0.47913371 0.43088155 0.06581965 0.37594382
 0.8006203  0.38715889 0.91477479 0.62276306 0.60606495 0.85613089
 0.88382078 0.05846417 0.58899461 0.16064995 0.         0.06619095
 0.40050883 0.32773864 0.         0.33664196 0.35396696 0.08715958
 0.12436019 0.41961678 0.         0.71650472]
Weights population #9
Weight: [0.29439714 0.48393871 0.59489598 0.08497945 0.26243517 0.43227639
 0.74533204 0.10965911 0.3492854  0.09489119 0.02825621 0.17869787
 0.12828322 0.16803897 0.25197324 0.53333247 0.35494088 0.0566695
 0.23460573 0.91449709 1.         0.70754209 0.13499689 1.
 0.86288097 0.51617406 0.97162796 0.09745695 0.97895636 0.25307552
 0.71488769 0.21672338 1.         0.70700831 0.50674919 0.32110877
 0.61574894 0.29547648 0.07032556 0.40182637 1.         0.18450188
 0.41593541 0.50226493 0.         0.06775656 0.07293492 0.74776212
 0.75704274 0.234161   0.16215416 0.93273786 0.155151   0.70016311
 0.18310878 0.37427708 0.         0.5872027  0.00692039 0.1774134
 0.55919557 0.84764258 0.50091104 0.7517808  0.54020423 0.17985712
 0.44654454 0.93433521 0.39711804 0.68186721 0.03108284 0.05007814
 0.02759031 0.52328602 0.52135655 0.93887592 0.39237891 0.40088599
 0.60022069 0.61703719 0.79159855 0.21991146 0.49418532 0.97328032
 0.42677243 0.25630083 0.44283877 0.45441956 0.04996211 0.7375922
 0.29198747 0.50197428 0.38185043 0.         0.00761791 0.21832304
 0.2186168  0.12685081 0.35124613 0.78065174]
Weights population #10
Weight: [0.200547   0.11465573 0.0382112  0.16233718 0.51305874 0.39221202
 0.67034809 0.19852954 0.68573987 0.07381702 0.00407426 0.33962949
 0.07852948 0.40195235 0.45882986 0.41540838 0.30195915 0.23447236
 0.27803966 0.29415006 0.96487595 0.49717233 0.60261529 0.99989598
 0.96664585 0.00525598 0.9764815  0.13520039 0.85088904 0.32850667
 0.52373361 0.33400076 0.82410734 0.6424011  0.83057337 0.52891251
 0.92137794 0.30415547 0.18002266 0.16220356 0.52358226 0.29829181
 0.92635847 0.3488012  0.04342739 0.03969128 0.24090789 0.43365716
 0.69657758 0.11211394 0.30478031 0.88286886 0.97081489 0.29409472
 0.04587942 0.21767958 0.08732779 0.17556152 0.         0.18031472
 0.14497506 0.44954405 0.21541581 0.21795578 0.69063039 0.69488017
 0.29234686 0.47572738 0.90900827 0.88652825 0.25539733 0.36814638
 0.03264688 0.37724751 0.47674263 0.50694597 0.8465299  0.36507376
 0.74200888 0.54974725 0.74853034 0.04868578 0.42685365 0.85845813
 0.88505039 0.0561984  0.95091562 0.15916126 0.         0.0636404
 0.34148582 0.50081016 0.         0.20864353 0.24745184 0.11524913
 0.11117868 0.41756703 0.         0.69509774]
Weights population #11
Weight: [0.00185495 0.50777241 0.0796167  0.00710082 0.45689518 0.16654043
 0.87394621 0.28179154 0.56020601 0.12196373 0.         0.35106513
 0.00643244 0.01262413 0.39620419 0.41341414 0.013577   0.92848071
 0.27612031 0.33249111 0.8289419  0.52181576 0.86941643 0.10323752
 0.13400677 0.78538245 0.79705871 0.16575561 0.07947761 0.33141855
 0.50230021 0.23516897 1.         0.84303341 0.67887112 0.53466474
 0.83317085 0.53325117 0.02643752 0.16318295 0.99715352 0.27785059
 1.         0.34430684 0.9549218  0.03986095 0.15064603 0.4682777
 0.13940975 0.15835104 0.29064338 0.23612257 0.64752699 0.28927736
 0.         0.10630323 0.01567202 0.26185455 0.88469532 0.16782632
 0.03206173 0.32035612 0.22177824 0.63998023 0.71365138 0.87124734
 0.45479494 0.93036108 0.86251789 0.10552658 0.26287978 0.1993777
 0.20149052 0.379464   0.45347355 0.91249127 0.70268889 0.36713493
 0.78249233 0.35567345 0.76903069 0.53263846 0.42162546 0.95552695
 0.7840124  0.47510613 0.93005751 0.74841879 0.49261306 0.0943469
 0.24490159 0.27891418 0.37825978 0.849946   0.24077953 0.10689049
 0.25423576 0.46323452 0.00268071 0.74370531]
Weights population #12
Weight: [2.52792585e-01 2.28796794e-01 6.14827988e-01 1.78536899e-01
 5.78701433e-01 8.37048988e-01 1.00000000e+00 2.48357748e-01
 5.66096427e-01 5.33416449e-02 0.00000000e+00 3.76395444e-03
 4.93938141e-04 4.03073977e-02 3.43885859e-01 4.56713204e-01
 5.68823307e-01 2.11622636e-01 2.30887999e-01 1.49882006e-02
 8.64986514e-01 3.15293285e-01 7.38675447e-01 8.83927143e-01
 7.21314672e-01 2.76476461e-01 6.57118696e-01 3.48593543e-01
 8.12278897e-01 3.62028885e-01 7.27114835e-02 1.00000000e+00
 9.57270735e-01 6.50525509e-01 3.94419101e-01 4.02827678e-01
 6.32030834e-01 5.23463678e-01 1.35607262e-01 4.05803666e-01
 8.29694716e-01 4.70945216e-01 3.48045273e-01 4.30407249e-01
 1.17638157e-01 1.04611677e-01 1.62576998e-01 1.96596618e-01
 7.57853147e-01 5.77866697e-01 2.66029508e-01 4.24425118e-01
 9.17411421e-01 7.27004961e-01 1.90647781e-01 3.42773575e-01
 2.89986700e-02 7.04793814e-01 1.43370134e-01 1.20413602e-01
 2.52975494e-01 8.91314786e-01 2.14095118e-01 7.78514583e-01
 4.56298656e-01 1.03843329e-01 5.28498902e-01 6.14988366e-01
 7.02394603e-01 5.59275112e-01 9.53050090e-02 1.45124019e-01
 3.28664413e-01 1.53654816e-02 5.06954021e-01 3.82454272e-01
 8.17102409e-02 5.17287620e-01 8.93818378e-01 4.21350154e-01
 9.34662698e-01 2.17897787e-01 4.41266997e-01 8.86327918e-01
 5.69957331e-01 2.76120979e-01 8.47705504e-01 5.98935406e-01
 5.78050577e-02 0.00000000e+00 5.91197555e-01 1.92813428e-01
 5.09933015e-01 2.80627855e-01 1.71413225e-01 7.18429465e-02
 2.16177073e-01 3.37966579e-01 1.54419566e-01 7.06676127e-01]
Weights population #13
Weight: [0.13185686 0.157954   0.90678492 0.1306742  0.60918678 0.27329338
 0.75960083 0.30667872 0.57352612 0.0813142  0.         0.35405375
 0.10837004 0.18582645 0.44086868 0.45533275 0.22209571 0.46635255
 0.2720604  0.3438756  0.96841422 0.41070946 0.54499616 0.77761168
 0.77011647 0.10202422 0.85818742 0.1857118  0.60016278 0.30524021
 0.64183657 0.32557729 0.92202766 0.77051835 0.87443138 0.53522579
 0.9347155  0.46742944 0.01840091 0.28889392 0.33745861 0.31684406
 1.         0.3580483  0.33238844 0.         0.68650884 0.46183317
 0.41063018 0.08700422 0.31795605 0.59934794 0.54114664 0.26811352
 0.00382483 0.30187596 0.00156816 0.17869516 0.22834544 0.19339578
 0.78827867 0.37548896 0.26659527 0.16817823 0.19324495 0.79928167
 0.24573567 0.5782086  0.94054261 0.738982   0.34708876 0.41000225
 0.15755866 0.46202225 0.14276733 0.49334714 0.12844131 0.41128157
 0.55414992 0.43634965 0.2440724  0.00443388 0.60538588 0.86555393
 0.89447279 0.08098346 0.94472411 0.14370372 0.16569642 0.07872505
 0.31316124 0.34993764 0.         0.44617811 0.88790506 0.11475381
 0.13990457 0.40544115 0.13919952 0.24198143]
Weights population #14
Weight: [0.29989246 0.17512611 0.59615249 0.03092439 0.29149654 0.33788951
 0.931124   0.10894451 0.56048885 0.11044414 0.03386735 0.16112512
 0.02375472 0.0798867  0.46118721 0.48667934 0.17616277 0.19248717
 0.23450144 0.30545881 0.89089013 0.56865834 0.74248212 0.99648633
 0.99115957 0.12342667 0.54303745 0.12202821 1.         0.17312494
 0.72730888 0.20300031 0.67337515 0.76393877 0.64672487 0.37706533
 0.8896006  0.30246426 0.28961613 0.59409231 0.91937585 0.43348553
 0.91952863 0.44445942 0.         0.13104661 0.31791665 0.29279212
 0.46097167 0.74050558 0.18832488 0.90686104 0.94279964 0.06595285
 0.08308584 0.6465698  0.08161649 0.1731938  0.1007328  0.26861935
 0.20812476 0.30784923 0.49147151 0.37252952 0.45794798 0.05295106
 0.38310938 0.54311315 0.42983702 0.91361346 0.0260367  0.13823159
 0.40734635 0.59836466 0.45342362 0.90808016 0.06687938 0.39337686
 0.53365074 0.36401611 0.90919244 0.60992614 0.46585925 0.87934278
 0.79331573 0.32162004 0.9634872  0.53718695 0.02514653 0.13574706
 0.31946077 0.49579727 0.51464335 0.00733456 0.17092709 0.18965666
 0.2021592  0.34569668 0.76384654 0.79770285]
Weights population #15
Weight: [0.2903937  0.17909096 0.56668547 0.012671   0.59460684 0.33574113
 0.84215671 0.10544491 0.57556097 0.11222433 0.02940313 0.00196536
 0.01077935 0.08223047 0.46033708 0.44235638 0.13582496 0.17036069
 0.23024762 0.         0.86771795 0.58073663 0.66641523 0.88956276
 0.69216217 0.18253301 0.53369472 0.36379336 0.81722322 0.18110536
 0.70119122 0.24930282 0.70524285 0.80651942 0.65229913 0.36668431
 0.87080528 0.51827773 0.26092501 0.55118028 0.87389883 0.48575756
 0.9231685  0.44534577 0.10512665 0.16292778 0.23438344 0.28493871
 0.51085534 0.72768587 0.2747603  0.41598756 0.94413086 0.01515144
 0.18631092 0.67342129 0.02943657 0.15433628 0.16543783 0.25853385
 0.14227164 0.306955   0.18016084 0.84569582 0.49600585 0.04425552
 0.36860275 0.60978821 0.75792541 0.53717526 0.09744927 0.12916982
 0.23557406 0.60479055 0.55348606 0.37114636 0.07287233 0.39086132
 0.89634228 0.37678538 0.93265797 0.20974471 0.46824484 1.
 0.79424523 0.24639352 0.8466447  0.52304871 0.         0.131072
 0.51468004 0.19568188 0.51303813 0.3046827  0.09085201 0.04613627
 0.20263285 0.35175672 0.13661137 0.68693766]
Weights population #16
Weight: [0.08643503 0.07003248 0.73446104 0.19933313 0.60868931 0.78666732
 0.12212475 0.2427285  0.24479014 0.10799482 0.12718703 0.02899905
 0.         0.27554347 0.4309642  0.49277508 0.76542937 0.45182353
 0.24394699 0.13054519 0.97312478 0.98507533 0.44673349 0.85652988
 0.83565741 0.15298244 0.         0.23687478 0.66201635 0.09074942
 0.79973801 0.77254536 0.51872411 0.66473218 0.69460267 0.60740928
 0.93437405 0.31686665 0.40471967 0.47263631 0.52053252 0.39531323
 0.30489436 0.42756094 0.21301741 0.0507136  0.10315789 1.
 0.24964805 0.98064706 0.17877858 0.839471   0.45932815 0.36216384
 0.01576058 0.25448364 0.20189501 0.72833393 0.         0.25642099
 0.83569726 0.85281351 0.479023   0.54091194 0.49252365 0.58815006
 0.58307814 0.7559093  0.62268644 0.81696035 0.         0.84360894
 0.03496809 0.66256148 0.543315   0.35396258 0.26121704 0.38513931
 0.66937152 0.40778243 0.73098278 0.         0.90193447 0.87616044
 0.70916363 0.21337207 0.74349241 0.63480577 0.09323251 0.07613637
 0.80616081 0.4680358  0.16447055 0.34760622 0.29838872 0.11180471
 0.17127715 0.33574561 0.22378125 0.96587071]
Weights population #17
Weight: [0.28353629 0.14178414 0.65478746 0.18097648 0.60131202 0.47294255
 0.90977783 0.26288022 0.62898027 0.08226377 0.         0.88163537
 0.05796702 0.10786457 0.3414567  0.18261517 0.34455877 0.04716355
 0.21104648 0.0572389  0.88230083 0.40449065 0.66732436 0.97502235
 0.78226684 0.03270704 0.84784337 0.02378756 0.98658323 0.34275919
 0.46488824 0.47020417 0.6726339  0.32538366 0.74815409 0.55799194
 0.85270307 0.44729609 0.65580198 0.24190443 0.77422452 0.66096213
 0.81320022 0.43834086 0.02101156 0.0317949  0.27455401 0.40057026
 0.69362035 0.13393116 0.19326026 0.70190116 0.99302159 0.28833334
 0.03624934 0.26578077 0.17178427 0.30169255 0.12219599 0.08772777
 0.22004805 0.51352879 0.49419927 0.47274311 0.42170906 0.64382154
 0.32040411 0.51414621 0.4860409  0.61266068 0.31647075 0.33894791
 0.31716276 0.42265105 0.47647009 0.38930329 0.0744499  0.34968777
 0.88121832 0.3638363  0.90235103 0.05611069 0.54453988 0.75492089
 0.72253431 0.08110181 1.         0.11705764 0.         0.13645346
 0.79759785 0.33683709 0.06731505 0.33946132 0.41473862 0.
 0.16142639 0.47373571 0.         0.73203926]
Weights population #18
Weight: [0.02440616 0.14770239 0.8230575  0.15021117 0.62585604 0.36938959
 0.66613182 0.20083058 0.5829996  0.09028956 0.00290446 0.25005602
 0.         0.25458728 0.45316969 0.39245638 0.38945674 0.88467877
 0.23643968 0.24343486 0.88665072 0.41756557 0.55040307 0.61807931
 0.63523228 0.2062773  0.95670534 0.12059788 0.64347245 0.26991437
 0.55152738 0.28868525 0.8511111  0.10139369 0.86066466 0.57451765
 0.88739956 0.44224876 0.90323311 0.16780431 0.58808026 0.35624192
 0.85024473 0.479483   0.35387808 0.38389808 0.37855848 0.3510423
 0.61139942 0.2801384  0.22219154 0.65823819 0.58107363 0.4007399
 0.         0.19108983 0.05597502 0.24907181 0.16714253 0.16597904
 0.24018124 0.39402595 0.271267   0.38157938 0.44592645 0.64881962
 0.39253857 0.74044461 0.91229728 0.58099932 0.2211997  0.41917908
 0.57495329 0.36048449 0.54929229 0.47459679 0.3843798  0.38219018
 0.6094112  0.38288    0.8885327  0.54014585 0.69867519 1.
 0.83563249 0.13938621 0.92280635 0.29228327 0.53883987 0.05800008
 0.32470065 0.37662187 0.09825246 0.38008599 0.32661982 0.
 0.1190882  0.38488158 0.00887537 1.        ]
Weights population #19
Weight: [0.28731309 0.20099395 0.05112413 0.17314564 0.44598152 0.40378836
 0.88408943 0.26342544 0.62169277 0.08303061 0.01951469 0.29633989
 0.06166067 0.15963483 0.41502293 0.44006477 0.31827047 0.30064672
 0.21430626 0.35938178 0.94587343 0.45137057 0.76594959 0.98445669
 0.98867936 0.11597016 1.         0.16145032 0.84785512 0.34357107
 0.57504015 0.54518915 1.         0.37905874 0.77334466 0.55861868
 0.83931056 0.32753995 0.62942927 0.23991687 0.50158975 0.37913097
 0.8836312  0.426923   0.05244342 0.         0.24582096 0.3923762
 0.78229438 0.14300212 0.18259857 0.81299825 0.91347358 0.3293528
 0.17127864 0.22319709 0.09183678 0.20695055 0.01997607 0.08850989
 0.20241797 0.44880683 0.24229278 0.22398081 0.49935247 0.67101377
 0.28923538 0.70113598 0.83476221 0.90007703 0.31159046 0.42400967
 0.12669477 0.40917885 0.72181597 0.63462132 0.69902826 0.35081503
 0.76039709 0.35200958 1.         0.11914331 0.37134738 0.74888277
 0.91855763 0.13167654 0.90671173 0.10585624 0.51670438 0.08440535
 0.52504804 0.46493125 0.00636329 0.17861627 0.45446185 0.10261305
 0.10808688 0.40163773 0.24207172 0.85086517]
Weights population #20
Weight: [0.         0.15537598 0.10694989 0.02869987 0.46197686 0.22102914
 0.88283806 0.32411326 0.520387   0.11613836 0.01286232 0.31816735
 0.05618104 0.01628339 0.38512067 0.43349144 0.0816573  0.31071484
 0.20891326 0.32798753 0.96115798 0.57008818 0.87245444 0.97191944
 0.96724326 0.02423571 0.81473653 0.16052367 0.80344497 0.32486614
 0.52382113 0.32323063 1.         0.83049046 0.68222534 0.55867709
 0.84332177 0.31487687 0.03497324 0.14555225 0.44943843 0.34200897
 0.92893971 0.34026151 0.07642876 0.02294291 0.22209639 0.49517024
 0.1241097  0.19185163 0.19374934 0.8588908  0.63285323 0.33034882
 0.10806555 0.04662515 0.01543409 0.33106521 0.04920162 0.16355613
 0.11916347 0.39191331 0.19564974 0.16570994 0.45526424 0.93725824
 0.47968682 0.64668295 0.85411081 0.90765324 0.29573254 0.22190462
 0.01793606 0.39694855 0.67844181 0.58569652 0.67338502 0.36350782
 0.75268279 0.34584375 0.98325828 0.01912068 0.44829795 0.8606253
 0.79374388 0.10598297 0.93794998 0.76027996 0.46355072 0.09153016
 0.43637754 0.48508007 0.3353435  0.21845739 0.52479939 0.11554385
 0.25120048 0.41206139 0.2134879  0.79065886]
Weights population #21
Weight: [0.17708129 0.14801845 0.64355243 0.12264448 0.37043783 0.52891349
 0.21838866 0.2923182  0.78656685 0.07081102 0.         0.12432338
 0.22533793 0.44146982 0.42407581 0.37421106 0.38230093 0.15385028
 0.17167705 0.41372577 0.93946373 0.93386392 0.52698382 0.86399697
 0.7565349  0.71557876 0.21483986 0.         0.94665522 0.27153543
 0.55425493 0.27984167 0.         0.94293177 0.69346489 0.59892521
 0.96294546 0.52585068 0.         0.40550094 0.51145338 0.37288765
 0.33147513 0.29875207 0.03831056 0.26598167 0.20187271 0.4845223
 0.40066906 0.15273409 0.25936447 0.37296686 0.22971316 0.36788007
 0.         0.20621509 0.52756021 0.28134582 0.18305977 0.07744166
 0.23153903 0.60573088 0.36591459 0.37390717 0.50402881 0.6707311
 0.32062152 0.72315756 0.83979375 0.37351259 0.077108   0.06762298
 0.57706899 0.3515298  0.4390117  0.76783039 0.35264239 0.4028196
 0.90282876 0.31973889 0.96793557 0.09543196 0.85449015 0.90389747
 0.81039904 0.15016286 0.96959802 0.26244424 0.05849056 0.0765661
 0.39582264 0.19833027 0.05137864 0.02521758 1.         0.06794812
 0.24673201 0.40701356 0.00700809 0.64941192]
Weights population #22
Weight: [0.         0.26338837 0.48118091 0.13170109 0.54252263 0.21167141
 0.66469449 0.26942518 0.55233184 0.08251706 0.01352703 0.07547642
 0.08753746 0.24944239 0.43064272 0.46573818 0.21172883 0.05378104
 0.24245767 0.0657518  0.85824096 0.50078789 0.43544546 0.97452752
 0.78114015 0.24300719 0.88505127 0.37658663 0.85941116 0.27946361
 0.80191915 0.16517808 0.96383443 0.63330346 0.87557846 0.46279001
 0.92308246 0.50126322 0.26735851 0.1273836  0.71634868 0.51341773
 1.         0.50248621 0.04069282 0.32744734 0.32565738 0.38690665
 0.47778234 0.15358462 0.22867689 0.47721696 0.8471444  0.24001153
 0.10670203 0.19459963 0.5180346  0.03722543 0.12887269 0.17415882
 0.24550935 0.29154149 0.27172366 0.84325545 0.4865158  0.52258192
 0.23309419 0.6856065  0.6370847  0.61619084 0.0793514  0.47011329
 0.20049895 0.62575657 0.5087163  0.44557757 0.16366961 0.36263872
 0.8728148  0.38659588 0.91082435 0.04691636 0.37908911 0.87708075
 0.89812515 0.32923159 0.8342837  0.15987616 0.40195867 0.06716224
 0.68085699 0.2141372  0.         0.23304742 0.20687549 0.12068881
 0.10730858 0.34137936 0.03185752 0.73181384]
Weights population #23
Weight: [0.07147681 0.16115969 0.70269058 0.18000018 0.48996001 0.34800741
 0.77015187 0.20302886 0.61701034 0.08398471 0.02625264 0.31698538
 0.07343025 0.22760465 0.45064026 0.42705131 0.38674369 0.24620483
 0.23182791 0.32623531 0.95337707 0.41935046 0.60675432 0.99052866
 0.9552691  0.01898314 0.96662531 0.1537284  0.84735104 0.27776575
 0.49087226 0.25006878 0.88256276 0.02866592 0.85730775 0.58854307
 0.89729092 0.30256734 0.95637873 0.19473901 0.9108838  0.32538608
 0.89689791 0.49648636 0.04680882 0.33825198 0.39015696 0.34854411
 0.61335732 0.20558644 0.22676031 0.88088481 0.58248874 0.37274697
 0.02962698 0.1722943  0.08800556 0.27179694 0.00883536 0.16759863
 0.2407987  0.37282692 0.18799765 0.32577783 0.3856877  0.68740024
 0.36150693 0.583985   0.89712495 0.87986951 0.29225522 0.40530135
 0.03823816 0.34446634 0.41767946 0.52246701 0.         0.36399304
 0.69849242 0.35324872 0.82368375 0.00576469 0.45337449 0.86675177
 0.8636854  0.08610284 0.97611802 0.21094744 0.         0.06165663
 0.38250155 0.49563574 0.04519297 0.20683178 0.25653287 0.10346522
 0.11893438 0.41956347 0.         0.73713725]
Weights population #24
Weight: [0.13242948 0.32325432 0.83576334 0.07541574 0.50002726 0.41137017
 0.80362929 0.33231025 0.24148118 0.07840891 0.10152924 0.02853896
 0.11738151 0.09906894 0.46949372 0.47696722 0.49224718 0.1570905
 0.20861522 0.51955683 0.9329801  0.30019625 0.89157595 0.93758689
 0.84620038 0.09135102 1.         0.36258618 0.99617293 0.309754
 0.68876511 0.2992767  0.96448272 0.77401994 0.77556915 0.50190459
 0.92121752 0.46424004 0.07363377 0.41541499 1.         0.38886668
 0.62534581 0.36632568 0.         0.0518468  0.77651612 0.84023479
 0.31852674 0.83529663 0.19076446 0.56056543 0.83501485 0.41342362
 0.         0.05317215 0.         0.         0.134292   0.07652363
 0.81004262 0.4093491  0.2525446  0.24882376 0.19281324 0.33635909
 0.53252672 0.91234368 0.64586621 0.79329504 0.05174638 0.29371907
 0.         0.49583397 0.06748164 0.50663659 0.         0.52082652
 0.89456972 0.27127556 0.17295962 0.0577894  0.44250165 1.
 0.8488714  0.12316833 0.93600664 0.7648471  0.13579097 0.11792214
 0.85543306 0.26193558 0.32638402 0.09036649 0.95453977 0.2697839
 0.14612454 0.41485258 0.00225974 0.15176375]
Weights population #25
Weight: [0.27671839 0.21470686 0.60973847 0.20022922 0.5818536  0.90457532
 0.69078525 0.28663141 0.56928913 0.07505222 0.0105551  0.11574652
 0.08833565 0.40272496 0.43276041 0.46468669 0.64509482 0.19273172
 0.23200108 0.         0.86928188 0.41300226 0.59950302 0.89537625
 0.714372   0.28419515 0.67136197 0.24435344 0.80764943 0.32755131
 0.         0.36191447 0.80590748 0.66750678 0.43694637 0.38972122
 0.89553591 0.51097377 0.11188446 0.45508144 0.84756259 0.50796196
 0.28446446 0.45995278 0.11166003 0.09506483 0.34515705 0.40995614
 0.28017037 0.63665042 0.25663151 0.49299429 0.91483999 0.64574443
 0.27186284 0.24083134 0.06964078 0.78804287 0.0406176  0.13838927
 0.33324431 0.97697586 0.24795687 0.74881396 0.45089684 0.15751715
 0.55444396 0.56822519 0.65384792 0.54077683 0.08107857 0.15648633
 0.32396061 0.         0.48898835 0.33277107 0.03966415 0.51751182
 1.         0.4173481  0.92318626 0.14391006 0.45847131 0.86780628
 0.56583533 0.25724696 0.96111107 0.5770165  0.03320796 0.00122188
 0.67732522 0.1992429  0.47517209 0.30109116 0.18660679 0.06635164
 0.21162344 0.34121451 0.08731683 0.72530528]
Weights population #26
Weight: [0.00803898 0.27449454 0.60735028 0.13926423 0.54056022 0.26363679
 0.70717093 0.20295818 0.60972153 0.09369351 0.02315866 0.
 0.         0.19259064 0.44681646 0.49356876 0.2915113  0.21893864
 0.23255167 0.11180095 0.87718869 0.45001714 0.59690972 0.88392714
 0.72956945 0.33191092 0.9731091  0.35915689 0.80956217 0.27454572
 0.57301116 0.24950168 0.90783044 0.07973899 0.88950711 0.59965066
 0.88169922 0.50455931 0.92456136 0.14308359 0.84954021 0.41675608
 0.99090826 0.46733366 0.11763816 0.36370517 0.35985086 0.36484768
 0.57698131 0.15126553 0.2613791  0.45201778 0.5519726  0.33687333
 0.18695816 0.17787315 0.02152663 0.17987366 0.12939794 0.17749058
 0.22456772 0.30489379 0.21430457 0.80746539 0.47058759 0.75253692
 0.34402469 0.66508179 0.70017045 0.56279469 0.05926507 0.40052167
 0.29516656 0.40938055 0.51051871 0.44260765 0.11958077 0.3485948
 0.85861503 0.34325293 0.92176103 0.23275793 0.43281793 0.91150184
 0.88999136 0.29965816 0.77877465 0.2304881  0.06194743 0.07303385
 0.53678766 0.21307904 0.03736725 0.23931553 0.13818906 0.10002833
 0.12634568 0.29866002 0.1790431  0.70883985]
Weights population #27
Weight: [0.00644104 0.11263548 0.81976648 0.13918131 0.63038656 0.33987342
 0.73732122 0.28393139 0.51727097 0.08084654 0.02205739 0.30509705
 0.01700183 0.21591451 0.42088539 0.45656271 0.31887068 0.50731523
 0.22918803 0.07598072 0.93455705 0.57050437 0.43627756 0.81982749
 0.77712526 0.18942845 0.83967121 0.08912198 0.65537848 0.28654076
 0.715158   0.3432756  0.99640651 0.66638121 0.79810253 0.47298165
 0.87699733 0.32352592 0.23487213 0.14985838 0.50649186 0.43386182
 0.92292787 0.4902009  0.24160026 0.27691578 0.3055265  0.36648867
 0.54774935 0.26205351 0.1949998  0.84668301 0.83670683 0.23711169
 0.         0.18710783 0.2830614  0.20961673 0.03456576 0.1642305
 0.24004994 0.42191288 0.18099644 0.5491828  0.48155871 0.49332196
 0.29733311 0.7594818  0.85008685 0.75263028 0.23996497 0.43205422
 0.12772164 0.59343747 0.5042039  0.33884642 0.24237425 0.35499567
 0.73408401 0.37735486 0.82332256 0.         0.47777749 0.90387266
 0.88676117 0.2617454  0.79651337 0.21683457 0.11272085 0.07241936
 0.78910449 0.45961002 0.00906502 0.38761236 0.33627299 0.06657012
 0.13098968 0.34156269 0.22114657 0.68250954]
Weights population #28
Weight: [0.09608715 0.22520446 0.58318621 0.15080873 0.61974488 0.36020532
 0.33823272 0.31881909 0.52264984 0.02099674 0.05295961 0.27070457
 0.0611238  0.86544385 0.22904142 0.37547    0.34904091 0.45110058
 0.24903804 0.49549185 0.93498369 0.44228249 1.         0.87542825
 0.87417607 0.01386946 0.89206043 0.03305604 0.72714847 0.28254139
 0.57404846 0.26294174 0.11939249 0.05101304 0.83255173 0.54664888
 0.97447127 0.4953334  0.95197336 0.23971635 0.70732036 0.38444797
 0.91564289 0.52069422 0.21071042 0.3265344  0.53080269 0.80996341
 0.32593334 0.4738257  0.24089846 0.57707021 0.91795018 0.36569573
 0.19733282 0.20772967 0.00841019 0.16418509 0.03227498 0.20709117
 0.71072503 0.43898407 0.32253769 0.53718551 0.54753203 0.59357369
 0.38489553 0.632264   0.83801641 0.80211228 0.23397439 0.10396055
 0.1172797  0.4229563  0.49197879 0.43028445 0.0874959  0.37740146
 0.8396043  0.33454737 0.90267941 0.6353595  0.56984285 0.85447326
 0.76825831 0.11454755 0.65222337 0.34236141 0.01147358 0.1013144
 0.46276266 0.307284   0.1638656  0.31153662 0.35845131 0.11087927
 0.25752007 0.40873402 0.         0.74835976]
Weights population #29
Weight: [0.02048629 0.10856529 0.10519372 0.18171564 0.5051155  0.35961386
 0.94213705 0.34145642 0.6039161  0.08890963 0.03308617 0.33512716
 0.06084094 0.20900595 0.4712739  0.42342286 0.33896944 0.34075728
 0.2104262  0.28505415 0.95719777 0.43789822 1.         0.96117105
 0.98729414 0.         0.91981412 0.13397167 0.78660602 0.30130612
 0.54028847 0.22748713 1.         0.06594176 0.91154213 0.59352358
 1.         0.34460092 0.93503182 0.16036739 0.40973479 0.35665154
 0.98739254 0.48481189 0.10196374 0.37994816 0.55096017 0.79625435
 0.36727232 0.28009553 0.18598283 0.81107035 0.828909   0.28880304
 0.11200408 0.22342104 0.01859143 0.11213617 0.03394233 0.18532158
 0.70056454 0.37041611 0.17302337 0.10163096 0.44100046 0.72819869
 0.31517866 0.60597483 0.93069342 0.94427889 0.32884919 0.2500351
 0.0354752  0.39317847 0.67286536 0.52929362 0.63050515 0.36816293
 0.7964506  0.29721645 1.         0.05833942 0.45117664 0.84002405
 0.82534022 0.07442351 0.95473988 0.20630939 0.44542903 0.11357524
 0.46513257 0.45658477 0.02088836 0.26154348 0.56984276 0.09575954
 0.16795363 0.45467394 0.23286841 0.77337257]
Weights population #30
Weight: [0.25168389 0.06768697 0.62127854 0.05354773 0.53111099 0.53537141
 0.76799316 0.13402549 0.49467045 0.09181881 0.0924166  0.03466721
 0.03018108 0.1282586  0.45441477 0.11689015 0.29974167 0.14132403
 0.22402888 0.45834922 0.97776819 0.41553076 0.81556747 0.99845195
 0.98205738 0.0293484  0.86937166 0.79594134 0.88748942 0.31332537
 0.5924963  0.6043372  0.92275124 0.60694013 0.6624947  0.51799053
 0.86091739 0.42994279 0.14517726 0.35145062 0.86247312 0.39410548
 0.80152369 0.48475948 0.         0.06375184 0.         0.60201644
 0.66705839 0.27971341 0.22933754 0.67151838 0.92980051 0.79713389
 0.03074618 0.21662783 0.0098152  0.10861825 0.0058963  0.13019524
 0.         0.61171167 0.34186156 0.31295649 0.44371369 0.61921718
 0.29637046 0.54945659 0.46084806 0.9034464  0.49354188 0.47712584
 0.01055419 0.42837093 0.53606776 0.49643768 0.10309645 0.40386693
 0.14227025 0.36865518 0.845097   0.01394073 0.32916044 0.8384738
 0.85431959 0.06516171 0.64888922 0.20884224 0.29720895 0.068036
 0.55793406 0.37004456 0.28267609 0.17699967 0.10254074 0.02987801
 0.10402432 0.39176306 0.11475741 0.94679003]
Weights population #31
Weight: [0.13445559 0.36568297 0.82325206 0.0586633  0.49701902 0.40807848
 0.86338498 0.25277383 0.23769185 0.08051814 0.09800107 0.00508952
 0.16454289 0.3088569  0.43732337 0.48216461 0.47121785 0.21507799
 0.20325549 0.57079481 0.90859084 0.29349867 0.47965811 0.90137363
 0.81115176 0.11453326 0.90570353 0.35661567 0.98453515 0.29410875
 0.73024548 0.49174403 0.99395261 0.85495404 0.77104254 0.5052485
 0.84639881 0.48589436 0.         0.44279389 0.98523523 0.45977476
 0.57020113 0.36679844 0.02839156 0.01445427 0.28688031 0.40369747
 0.60425249 0.86737973 0.1842066  0.52576975 0.85137852 0.46220248
 0.15828699 0.20861558 0.06405992 0.01954856 0.15387058 0.07554829
 0.23270193 0.40541115 0.23735433 0.25273563 0.23883315 0.26736176
 0.53776608 0.95569908 0.61246765 0.75913063 0.08891506 0.24950506
 0.0687312  0.51882934 0.04978716 0.50122726 0.02162414 0.54771239
 0.85979309 0.30489679 0.17487221 0.54453264 0.48707972 1.
 0.82578602 0.17270729 0.91969735 0.81543219 0.0202526  0.11760877
 0.83225524 0.2358312  0.37532323 0.10968742 0.91798895 0.26343566
 0.16039118 0.42112572 0.00283114 0.13065348]
Weights population #32
Weight: [2.65022682e-01 1.71830696e-01 8.67857280e-02 1.70280246e-01
 4.61761067e-01 5.31409153e-01 8.99016027e-01 3.40216250e-01
 8.36479278e-01 9.08555004e-02 6.51078277e-04 2.16887554e-01
 4.72569111e-02 3.23989784e-01 4.34494126e-01 3.75679232e-01
 3.47966079e-01 2.68201226e-01 2.07033315e-01 3.31844009e-01
 9.46306878e-01 6.95740820e-01 6.27923760e-01 9.85301056e-01
 9.66952516e-01 4.24604458e-02 7.76305783e-01 5.79544800e-02
 8.21862604e-01 2.55122310e-01 4.26141646e-01 2.59994461e-01
 7.64404477e-01 8.72594015e-01 7.03145476e-01 5.28846897e-01
 9.14737114e-01 3.12554843e-01 0.00000000e+00 2.34380262e-01
 4.53436312e-01 3.88015062e-01 2.64765831e-01 4.57194954e-01
 5.73622793e-02 3.30309958e-01 3.14694379e-01 6.31888753e-01
 2.41647592e-01 8.89603134e-01 2.10084553e-01 8.60172534e-01
 3.04646705e-01 8.17378875e-01 1.33145710e-01 2.26986506e-01
 2.32726601e-03 5.43020881e-01 0.00000000e+00 1.90375044e-01
 8.58575681e-02 4.61899066e-01 1.84491097e-01 1.67472893e-01
 4.91784267e-01 2.55429515e-01 4.01524945e-01 6.89758370e-01
 8.90182798e-01 8.72473811e-01 2.19036708e-01 5.22425908e-01
 4.51905401e-02 2.42938223e-01 7.51002013e-01 5.74807998e-01
 7.17167145e-01 4.18854539e-01 7.79901342e-01 3.56043554e-01
 1.00000000e+00 5.53639190e-01 4.93226274e-01 8.48793316e-01
 7.40782732e-01 1.52301524e-01 9.41087727e-01 2.30493391e-01
 5.71308885e-02 1.41963664e-01 4.51629937e-01 4.78865807e-01
 5.36479433e-01 1.84641020e-01 4.28870139e-01 3.31995597e-02
 1.43602369e-01 4.33834675e-01 0.00000000e+00 8.54144275e-01]
Weights population #33
Weight: [0.29419856 0.26182125 0.67885908 0.13114804 0.49656387 0.51468443
 0.89144581 0.33509316 0.80012684 0.08906732 0.00980641 0.45717002
 0.01304274 0.33469715 0.44128404 0.35799496 0.32188512 0.23566112
 0.22862234 0.9032925  0.94306472 0.652536   0.58748953 0.96960969
 0.86384349 0.22278673 0.73272831 0.         0.87139551 0.25044746
 0.46591541 0.26512772 0.77482484 0.88657348 0.67440244 0.52557168
 0.89881253 0.44136467 0.         0.27568916 0.59136989 0.51303151
 0.21528346 0.46736961 0.04173361 0.29310282 0.21710068 0.63415449
 0.26276832 0.91305945 0.20033496 0.71413665 0.32226164 0.91664527
 0.1534473  0.21632514 0.11586263 0.5269054  0.082447   0.1724011
 0.         0.43388693 0.40652293 0.4544101  0.44203341 0.23195507
 0.38745926 0.80048649 0.61878497 0.74810087 0.43252466 0.49823486
 0.33883169 0.28635621 0.47038104 0.49384516 0.41781375 0.4300067
 0.95155985 0.32386637 0.65226418 0.07813686 0.66050422 0.74974532
 0.73920949 0.26630968 0.95302795 0.2480182  0.03171025 0.13816501
 0.86817569 0.35299139 0.58046828 0.18041657 0.43492301 0.02808776
 0.15822223 0.35433577 0.25907236 0.81036875]
Weights population #34
Weight: [0.29370369 0.39346571 0.78779721 0.15701964 0.52241972 0.34970265
 1.         0.14231677 0.51849238 0.049967   0.02647448 0.82273289
 0.09101638 0.01470417 0.32394028 0.41475831 0.29973282 0.01006812
 0.22519721 0.88971649 0.86116778 0.44931969 0.60556744 0.98746275
 0.83027816 0.39486637 1.         0.77610004 0.95558985 0.31577012
 0.45339589 0.27606501 0.91879552 0.74835628 0.65653541 0.37815701
 0.93081934 0.208223   0.3190903  0.58852753 0.9119416  0.10037627
 0.99316233 0.44727683 0.02398534 0.12491054 0.36875304 0.45302384
 0.74880027 0.19880507 0.19163796 1.         0.87913034 0.39746334
 0.0426976  0.13115568 0.45641021 0.10418428 0.69936706 0.28636826
 0.194254   0.41496585 0.40029766 0.31372671 0.35557802 0.61672157
 0.31110951 0.51442394 0.44659157 0.61797701 0.49798902 0.05929963
 0.         0.35728975 0.43357956 0.38731801 0.         0.42817818
 0.01124158 0.36951294 0.86336004 0.         0.60264316 1.
 0.77819054 0.18652513 0.67735587 0.21126325 0.35921543 0.20630265
 0.16827913 0.61041301 0.06709738 0.03984111 0.17735227 0.5189299
 0.18400201 0.13998496 0.00113989 0.74591804]
Weights population #35
Weight: [0.         0.20831501 0.60373948 0.13094957 0.56201857 0.25967496
 0.69497219 0.2641726  0.54628511 0.08400265 0.00557245 0.10311263
 0.08145767 0.2495736  0.42884537 0.5061296  0.27745464 0.0628521
 0.24148533 0.         0.8701634  0.41095156 0.49284077 1.
 0.84189286 0.19855671 0.90903305 0.30687733 0.91483038 0.32489911
 0.79742457 0.23206805 0.94517528 0.5642926  0.85569407 0.46708754
 0.86993166 0.49591949 0.32407969 0.13197424 0.69128404 0.47657119
 0.93945002 0.49548676 0.         0.27465954 0.2781885  0.39190844
 0.53327361 0.10589237 0.23554932 0.51145912 0.84435792 0.30567363
 0.14100804 0.16738999 0.53425153 0.1783874  0.01124284 0.15187936
 0.18488526 0.32618987 0.2670263  0.84357616 0.44017116 0.48197085
 0.25645517 0.60173563 0.60444359 0.67250178 0.00280957 0.44072335
 0.26469533 0.62710743 0.51883118 0.37742726 0.0679818  0.37610831
 0.97457524 0.37568519 0.93045407 0.04689357 0.37701721 0.8719073
 0.89845899 0.29478502 0.8757816  0.19442748 0.33938866 0.06279004
 0.73211893 0.20838185 0.         0.171803   0.19012492 0.10764857
 0.1201715  0.32121041 0.02485617 0.79868425]
Weights population #36
Weight: [0.10086111 0.55273289 0.64689542 0.20498343 0.52819802 0.81076383
 0.18250294 0.24423188 0.18086112 0.10321075 0.14345205 0.18386947
 0.02664328 0.33250665 0.43736831 0.06574993 0.78272619 0.2994169
 0.17033747 0.         0.808992   0.98719741 0.42583753 0.91341907
 0.82077987 0.091461   0.         0.16225607 1.         0.08213527
 0.78873169 0.86482214 0.56157219 0.7033774  0.68208527 0.57786303
 0.92973132 0.32297963 0.38743504 0.48874354 0.67443114 0.63516292
 0.30589804 0.45507296 0.         0.02490883 0.11495081 0.98902202
 0.31533969 1.         0.27993554 0.82525536 0.45416182 0.31994136
 0.03392436 0.26917063 0.27594755 0.78318594 0.06782566 0.2803397
 0.82157326 0.87060997 0.45432074 0.3537139  0.46764291 0.58420853
 0.61369134 0.67687097 0.91757766 0.41540507 0.04230452 0.76025086
 0.16984754 0.69326724 0.42853887 0.38231214 0.14423059 0.38152002
 0.63310032 0.42098879 0.90406618 0.01235963 0.40396135 0.80328804
 0.71267976 0.33100897 0.96367713 0.69546411 0.01841599 0.07590954
 0.98707007 0.44868015 0.18840507 0.02429088 0.94830868 0.14354993
 0.17647212 0.45645476 0.00810287 0.65296892]
Weights population #37
Weight: [0.27522949 0.15725073 0.55203111 0.06126367 0.55568371 0.47411435
 0.14864257 0.32993225 0.57753979 0.01296797 0.01742721 0.09446561
 0.03731332 0.92108851 0.22169989 0.49071985 0.30155382 0.26550948
 0.23350567 0.58439743 0.93007443 0.87770091 0.17114514 0.89073429
 0.90757126 0.10301275 0.74826986 0.3782481  0.7563756  0.2811977
 0.43626624 0.94019839 0.07028678 0.79225868 0.36551964 0.45062788
 0.93845768 0.43500441 0.         0.47487105 0.80708396 0.34370594
 0.82100567 0.45868774 0.12838015 0.16436923 0.01643064 0.90580095
 0.34724265 0.28914652 0.18827947 0.69095856 0.87226183 0.6566492
 0.01334189 0.262394   0.         0.16930765 0.00357429 0.13546836
 0.64307166 0.56310029 0.23260782 0.22301112 0.47891167 0.19548851
 0.27135111 0.50001022 0.91711694 0.843192   0.04338782 0.25329334
 0.03010842 0.29841809 0.578661   0.46794012 0.10221377 0.53365874
 0.85475172 0.42000702 0.90334526 0.05237742 0.38729431 0.85332156
 0.8078608  0.16112902 0.62550394 0.15731165 0.37629919 0.10894432
 0.40271505 0.36776394 0.1680466  0.27618907 0.06021327 0.12376404
 0.17329894 0.42551146 0.02082324 0.80713621]
Weights population #38
Weight: [0.27890851 0.13290285 0.64807436 0.05431675 0.56700218 0.47668901
 0.70881614 0.32972857 0.59652281 0.07443299 0.07108846 0.88096772
 0.07108868 0.29869026 0.42560641 0.24297981 0.25457188 0.015825
 0.21934347 0.17529996 0.90695985 0.88214131 0.49565583 0.9861999
 0.78770207 0.08753726 0.78324496 0.01542203 0.98386651 0.13109839
 0.09729876 0.45480523 0.99842278 0.70055288 0.58924512 0.40318703
 0.94851745 0.44374545 0.38426002 0.54029825 0.81625528 0.60278204
 1.         0.47156165 0.02101156 0.1708972  0.37575898 0.40841673
 0.20098418 0.6241047  0.17805475 0.71577709 0.83120729 0.07990198
 0.05550897 0.42372013 0.13615959 0.         0.11433315 0.28363531
 0.59843269 0.56360931 0.50021405 0.52413332 0.43107669 0.69274779
 0.30890389 0.5473847  0.41884985 0.6470608  0.31502204 0.27281053
 0.29879744 0.09848179 0.4884528  0.46115537 0.10648571 0.40712943
 0.87697358 0.34696191 0.88783152 0.08290551 0.55618775 0.7768668
 0.79106137 0.07145703 0.97388175 0.00570151 0.         0.1347687
 0.70786307 0.34371733 0.21329989 0.33632538 0.29329597 0.
 0.16210491 0.43118402 0.03756629 0.74852304]
Weights population #39
Weight: [0.28405697 0.14498497 0.06331131 0.22089139 0.44600015 0.94617047
 0.77860716 0.31026812 0.5307542  0.07383667 0.02653073 0.31361083
 0.03365186 0.44112982 0.43928114 0.43242182 0.71224077 0.28470472
 0.20803416 0.32924391 0.97983398 0.45293195 0.65345848 0.98200317
 0.93821686 0.         0.65431794 0.16864854 0.79164392 0.30477616
 0.01465018 0.40236514 0.79067811 0.67534564 0.42103597 0.3990791
 0.91878731 0.28619097 0.09779463 0.49695043 0.51818829 0.33392012
 0.21410145 0.47126367 0.06118324 0.06293999 0.4319933  0.40683158
 0.24279232 0.73796208 0.19208096 0.90795891 0.89155322 0.64435732
 0.11051346 0.20863561 0.         0.88011152 0.04419606 0.15013979
 0.39324544 1.         0.19326718 0.22079165 0.50392974 0.16852407
 0.59768361 0.68113742 0.84511673 0.89271677 0.288529   0.13955213
 0.         0.01853662 0.72564818 0.63039422 0.71448665 0.5172523
 0.75445865 0.42830861 0.974618   0.00952811 0.45553927 0.98972474
 0.55049593 0.10293768 0.88075855 0.65043241 0.44680954 0.00529523
 0.33836815 0.52073543 0.49556573 0.20853155 0.42411993 0.11917441
 0.22089613 0.39026224 0.18207217 0.78609755]
Weights population #40
Weight: [0.16159852 0.12710509 0.54264918 0.13397219 0.39344891 0.51006558
 0.22327702 0.3266207  0.8368734  0.11437702 0.         0.15709031
 0.23259087 0.26056105 0.44355743 0.36845323 0.35689448 0.17349383
 0.17343979 0.38319944 0.93636882 0.90230732 0.55654356 0.87202968
 0.78202676 0.70301383 0.         0.         0.92128007 0.26469039
 0.53850214 0.30460211 0.60286394 0.85609809 0.71268837 0.61214961
 1.         0.49066234 0.101391   0.40371431 0.44059235 0.37101666
 0.39063279 0.30732445 0.04745817 0.31111634 0.2369997  0.52957567
 0.33241825 0.0653847  0.26418021 0.44993098 0.81889718 0.30046234
 0.         0.08770691 0.5206253  0.29361919 0.16911325 0.08268226
 0.28863402 0.59339818 0.35677432 0.34762558 0.5461813  0.70302961
 0.29485173 0.69183075 0.86414181 0.40187867 0.10207615 0.79616997
 0.57277386 0.33426208 0.52423856 0.71570001 0.43957602 0.40007234
 0.87872262 0.43034013 1.         0.06633142 0.8142035  0.88672278
 0.7298663  0.15409614 1.         0.19728044 0.11125307 0.07241321
 0.32933965 0.2423308  0.01743314 0.03739599 0.94607149 0.06301912
 0.1505747  0.40973301 0.         0.7394657 ]
Weights population #41
Weight: [0.22627447 0.5456626  0.59469177 0.04381973 0.57971773 0.4577637
 0.76211638 0.15502146 0.49628209 0.08491469 0.0986892  0.19659742
 0.18127407 0.20165256 0.42493041 0.47382489 0.25173597 0.39399001
 0.1966119  0.57241569 0.76904408 0.44160461 0.90026583 0.96703346
 0.96771829 0.06234895 0.85310431 0.08550502 0.76939816 0.3079249
 0.66345886 0.58756298 0.92533634 0.54127331 0.73033784 0.53460315
 0.87906201 0.45156277 0.2364814  0.31293591 0.63884547 0.83229628
 0.87828862 0.49121703 0.10031228 0.10402271 0.         0.62094221
 0.66329809 0.22646599 0.07710267 0.69523413 0.95146239 0.74971843
 0.         0.23027548 0.43984299 0.02093595 0.12758345 0.12117532
 0.         0.54404398 0.31537272 0.11573135 0.40146082 0.70668185
 0.26952245 0.63531684 0.65309039 0.88367797 0.30022849 0.44361605
 0.         0.47857264 0.36020588 0.48403082 0.12824094 0.38189645
 0.69657359 0.36232038 0.77557498 0.         0.68583294 1.
 0.85678074 0.48453862 0.67586294 0.16102945 0.01522283 0.06847735
 0.28070305 0.31954813 0.21998689 0.22856747 0.61281352 0.12806649
 0.12270924 0.47911638 0.         0.48760285]
Weights population #42
Weight: [0.1546571  0.39410154 0.7737664  0.12294727 0.5080039  0.51170993
 0.15291756 0.28424475 0.73945005 0.07437337 0.0156708  0.04500784
 0.16206829 0.42714405 0.42393861 0.46108723 0.39660815 0.32006868
 0.26218063 0.57289042 0.9010258  1.         0.50741828 0.79546348
 0.72694249 0.19698089 0.1281674  0.2709278  0.86620193 0.24176235
 0.6575602  0.33356699 0.         0.94105351 0.72644657 0.6233463
 0.96678479 0.49961098 0.04109642 0.40998135 0.9624985  0.38022332
 0.34285611 0.29654743 0.15295624 0.25695603 0.17172679 0.56069663
 0.40359494 0.19917005 0.23396349 0.49460769 0.17307432 0.33255659
 0.27317424 0.21056361 0.01439346 0.27126727 0.22016623 0.09555243
 0.29533752 0.58724152 0.19767234 0.22998587 0.28626398 0.72551832
 0.32456091 0.99264949 0.91763231 0.68196485 0.1176202  0.14892471
 0.10200947 0.43780757 0.10736342 0.53451839 0.12855344 0.38562139
 0.92209646 0.3171454  0.98987841 0.73689714 0.48476816 0.97274093
 0.83121689 0.21887998 0.87922535 0.27008305 0.01936219 0.08628591
 0.75739071 0.24287373 0.01193161 0.2094906  0.83165667 0.05446456
 0.24093575 0.43195892 0.03587617 0.83223616]
Weights population #43
Weight: [0.27626906 0.12996552 0.65281804 0.05647419 0.55787576 0.53590973
 0.70764762 0.34162868 0.6022201  0.07480863 0.06633486 0.89656866
 0.24412486 0.3002358  0.42356286 0.24785055 0.2883986  0.
 0.22171899 0.16458878 0.90548237 0.86003143 0.5088908  1.
 0.79893971 0.08678062 0.7505042  0.01563358 1.         0.13847391
 0.0332718  0.5390571  0.99976125 0.68466001 0.54341924 0.40594678
 0.91420742 0.44190909 0.36317271 0.52356235 0.8462775  0.60424912
 0.95990301 0.47110938 0.         0.17041203 0.35666434 0.37617304
 0.20529073 0.66140641 0.19817606 0.71900603 0.82885123 0.12157672
 0.21168847 0.42450877 0.05787818 0.         0.11514858 0.26556463
 0.59738233 0.61763766 0.49928861 0.52752878 0.42952264 0.62184761
 0.33260245 0.54631321 0.41434626 0.65460464 0.31024697 0.24680575
 0.28706353 0.04958549 0.49374456 0.47292987 0.09903504 0.42496676
 0.87290464 0.35670301 0.8915344  0.10480532 0.5596315  0.77828398
 0.75214178 0.07398263 0.97677484 0.04807951 0.0178754  0.12504531
 0.71344468 0.34499752 0.26930992 0.32000387 0.26497121 0.
 0.1735566  0.43131812 0.16051305 0.76389162]
Weights population #44
Weight: [0.02265316 0.22706356 0.68077523 0.07891532 0.53780061 0.42343197
 0.84512237 0.26559948 0.53629206 0.11392615 0.         0.44904303
 0.00788553 0.02110073 0.41735603 0.34913283 0.67694679 0.25322668
 0.22828608 0.78523143 0.92618909 0.93249878 0.41500379 0.95610282
 0.84467106 0.19283838 0.85851213 0.01896426 0.84927988 0.14223718
 0.02379821 0.46665388 0.67770918 0.74526745 0.74619696 0.42435836
 0.9675306  0.46918525 0.26319538 0.41029668 0.5716903  0.55479003
 0.48562322 0.56358455 0.05614885 0.31184519 0.11340205 0.94762977
 0.17300722 0.87811291 0.21253193 0.657366   0.8079908  0.5010754
 0.1649054  0.35327769 0.12485322 0.24990216 0.08679729 0.2867985
 0.75422593 0.51329965 0.37386669 0.45402709 0.43050388 0.22441658
 0.61383333 0.75322189 0.65192866 0.72988618 0.43897908 0.45720981
 0.37709293 0.0692198  0.46620232 0.41559736 0.37227847 0.52140866
 1.         0.38807775 0.66925208 0.06832512 0.65589356 0.73612868
 0.92745107 0.26643182 1.         0.74764131 0.0295473  0.
 0.91792258 0.31390894 0.21966226 0.21928727 0.45803038 0.00846834
 0.12805624 0.38201001 0.22499924 0.80322355]
Weights population #45
Weight: [0.02190394 0.12128303 0.66151634 0.01179762 0.53827266 0.08420267
 0.89043246 0.26737015 0.59379882 0.1199211  0.0356094  0.38333684
 0.03814375 0.         0.37889813 0.49418737 0.         0.14992509
 0.27077452 0.54587412 0.95209873 0.44873093 0.85583722 1.
 0.99237698 0.01446607 0.84106626 0.         0.88579943 0.26654559
 0.63084341 0.17188764 0.9893364  0.74769286 0.71949824 0.48541733
 0.82009501 0.47645379 0.11758456 0.45592763 0.89722826 0.27568772
 1.         0.38659993 0.         0.28934228 0.12990805 0.49281529
 0.19483205 0.07055597 0.25374765 0.60493059 0.68967053 0.66719768
 0.03247606 0.12575804 0.00202325 0.         0.02107098 0.0890912
 0.02942922 0.23073852 0.28378283 0.26965526 0.40705483 0.84456558
 0.42969481 0.54014887 0.83607073 0.91338419 0.23496423 0.23954089
 0.02054085 0.34157116 0.52061706 0.51919159 0.         0.41703022
 0.87910341 0.34608205 0.92633871 0.02068406 0.6172585  0.85081893
 0.80280784 0.09895712 0.58880751 0.73662896 0.32284295 0.09382921
 0.49100943 0.32392297 0.39935916 0.18170539 0.14436525 0.12033435
 0.23995235 0.41542211 0.06674898 0.86493042]
Weights population #46
Weight: [0.27663783 0.14475094 0.71766181 0.15503547 0.49443151 0.33231081
 1.         0.14930454 0.47688959 0.05118334 0.04165226 0.29701856
 0.06224354 0.03909143 0.33247276 0.44048308 0.3133891  0.27733884
 0.23016241 0.33693111 0.96572635 0.5324228  0.61384691 0.9847771
 0.96597428 0.00696575 0.93736761 0.16801667 0.8306303  0.28552568
 0.55148214 0.32411312 0.87754844 0.75212967 0.70247527 0.39337832
 0.94056002 0.2798935  0.35607446 0.58465848 0.86201664 0.33225784
 0.98980578 0.4470704  0.0604553  0.11904683 0.302566   0.48851798
 0.73797479 0.23153462 0.21944589 0.92323149 0.85627669 0.34377087
 0.         0.14373603 0.10927988 0.10353466 0.00454839 0.29052115
 0.20177998 0.39611506 0.22087928 0.30623786 0.39270995 0.68402749
 0.31314679 0.61276822 0.85931969 0.90827715 0.25952664 0.09947841
 0.01126203 0.44270166 0.42512689 0.52380814 0.03549774 0.40888509
 0.70098242 0.37253676 0.81633681 0.         0.48086318 0.86247069
 0.77546799 0.08287524 0.95393512 0.204691   0.00206175 0.19734138
 0.41120936 0.52762197 0.01200551 0.21507802 0.27635678 0.11586693
 0.19164937 0.41794119 0.01705026 0.73129261]
Weights population #47
Weight: [2.58924911e-01 9.21741023e-02 8.92277987e-01 1.82351566e-01
 5.53765427e-01 8.87898293e-01 9.27875771e-01 2.32067856e-01
 5.18233826e-01 5.50436173e-02 1.27042320e-02 3.01538437e-01
 1.44293796e-01 2.24800645e-02 3.51634631e-01 3.41003325e-01
 6.21429958e-01 1.96174459e-01 2.34539453e-01 3.42650786e-01
 9.82869916e-01 3.73760593e-01 6.67405965e-01 9.88181475e-01
 9.74106764e-01 1.55129723e-03 5.28998750e-01 1.08772424e-01
 8.70125627e-01 3.36976446e-01 1.05152122e-01 1.00000000e+00
 9.19275580e-01 7.24361241e-01 3.71188197e-01 4.02790723e-01
 6.22383909e-01 3.34848085e-01 7.32078974e-02 4.43418327e-01
 5.49067787e-01 2.14461655e-01 2.77309604e-01 4.24227946e-01
 2.91998477e-02 6.27022784e-02 9.90904979e-02 2.22397541e-01
 7.62435061e-01 6.70756000e-01 2.01518214e-01 8.22392312e-01
 9.06090908e-01 7.30410094e-01 1.26206923e-01 3.55983812e-01
 4.01979199e-02 7.73361226e-01 0.00000000e+00 1.31459690e-01
 2.66706912e-01 9.43080995e-01 2.34848105e-01 4.64486531e-01
 4.44967664e-01 8.95056079e-02 5.59255131e-01 6.89727735e-01
 9.38369662e-01 8.53112113e-01 2.87644501e-01 1.97475389e-01
 2.32158337e-02 5.15535638e-02 5.26913679e-01 4.53391831e-01
 2.06446393e-01 5.18819887e-01 7.64372515e-01 4.28925164e-01
 8.22973697e-01 6.12297343e-01 4.16486397e-01 8.36831408e-01
 5.51628814e-01 8.11550854e-04 9.40962814e-01 6.47952309e-01
 0.00000000e+00 4.41712679e-04 3.80594231e-01 4.75158440e-01
 5.22496425e-01 1.84064669e-01 4.01783984e-01 1.40071160e-01
 2.24294361e-01 4.10562141e-01 9.72912813e-03 9.89579915e-01]
Weights population #48
Weight: [0.12025629 0.28604503 0.4551093  0.06645059 0.6141986  0.40117128
 0.89448676 0.23990031 0.22451376 0.08330454 0.09461428 0.12774826
 0.13790182 0.2998769  0.46041852 0.44005223 0.52816849 0.04458132
 0.29512926 0.65120829 0.81244077 0.25916757 0.588174   0.96449889
 0.74084753 0.0518915  0.90218138 0.11217077 0.96553156 0.29798617
 0.70876011 0.48733426 0.95956367 0.84620315 0.76949223 0.51554759
 0.89376042 0.50475489 0.05624956 0.45145511 0.67175173 0.50655902
 0.63096092 0.35805885 0.03385439 0.02195581 0.3052054  0.39385542
 0.52574982 0.9545772  0.17536764 0.5878634  0.9395077  0.42715295
 0.         0.20968259 0.04428555 0.         0.24280408 0.08278244
 0.16523328 0.36174621 0.20958319 0.51676139 0.50747394 0.29081333
 0.55030544 1.         0.86249198 0.56092416 0.39141864 0.27714395
 0.22117428 0.51719112 0.49686341 0.43214504 0.34257491 0.54891686
 0.62499893 0.25711004 0.75417173 0.12816405 0.81649195 0.9538561
 0.87708359 0.21173661 0.62204648 0.82856803 0.49948293 0.03667656
 0.3290808  0.29257329 0.34815815 0.32007016 0.43296225 0.04509278
 0.15151352 0.42413616 0.10367554 0.68133254]
Weights population #49
Weight: [0.00000000e+00 3.34149803e-01 1.46267769e-01 1.52876445e-01
 3.13193235e-01 3.34857186e-01 7.58838917e-01 3.57629061e-01
 5.54610390e-01 8.66037656e-02 2.18505279e-02 7.94198871e-01
 5.28651690e-02 4.30837098e-01 3.58214657e-01 5.14011628e-01
 5.19054858e-01 2.64421499e-01 2.02129315e-01 7.28876063e-02
 8.63249638e-01 2.61851775e-01 1.00000000e+00 9.88555485e-01
 9.18666722e-01 5.18438980e-04 9.89417566e-01 2.70975294e-01
 8.46563966e-01 1.96890855e-01 2.46715424e-02 2.59572919e-01
 8.39184838e-01 8.57696547e-01 7.12197501e-01 5.28364053e-01
 1.00000000e+00 2.98041964e-01 0.00000000e+00 4.80511802e-01
 9.01020293e-01 4.61279869e-01 9.89197203e-01 4.31533259e-01
 5.37067107e-02 2.90959198e-01 7.02435323e-01 7.80383442e-01
 2.11270008e-01 8.88440056e-01 2.32159411e-01 9.50395462e-01
 6.52218257e-01 9.87104973e-01 1.13969318e-01 1.84721795e-01
 1.51459422e-02 6.56062099e-02 1.40213885e-01 1.29557111e-01
 8.25541229e-01 4.33101338e-01 5.04222998e-01 3.02908127e-01
 7.57235431e-01 2.06004132e-01 2.92986339e-01 1.00000000e+00
 8.23076918e-01 8.56430824e-01 6.33104016e-02 3.93084776e-01
 8.12342290e-03 0.00000000e+00 4.65943509e-01 8.38486819e-01
 7.74059685e-01 5.38239854e-01 4.99164311e-01 3.92626178e-01
 8.99358956e-01 2.14799078e-04 4.94114853e-01 8.68537988e-01
 7.48077081e-01 3.11698706e-01 8.27370995e-01 4.83587338e-01
 4.54563431e-01 1.66052658e-01 8.00949903e-01 4.72711557e-01
 5.69899067e-01 2.09069510e-01 3.16257746e-01 3.90682315e-01
 1.13038479e-01 4.86646160e-01 2.00335207e-01 4.51210671e-01]
Weights population #50
Weight: [0.02267355 0.1380128  0.69339488 0.15017617 0.63497961 0.33094173
 0.76584512 0.28994087 0.58248144 0.09700004 0.01285992 0.26334113
 0.02251194 0.18830464 0.43439388 0.35224679 0.3114693  0.27627037
 0.23011587 0.48646762 0.96473928 0.48223368 0.52488189 1.
 0.97147053 0.         1.         0.01849096 0.85040847 0.31015033
 0.69324125 0.1855767  0.77618159 0.62692914 0.78669307 0.44222547
 0.88366148 0.49247965 0.27170571 0.12448077 0.69792809 0.2823698
 0.90983867 0.4976489  0.07538039 0.32646005 0.34750064 0.34040711
 0.51077951 0.24403409 0.09329255 0.58923875 0.90964128 0.26330082
 0.18916015 0.28906535 0.         0.19408085 0.02971972 0.16888471
 0.19504544 0.38386797 0.3312516  0.26168082 0.38917802 0.44992269
 0.25207898 0.56932536 0.91912992 0.88353073 0.30645377 0.32883185
 0.13875784 0.52621312 0.47809309 0.40985636 0.         0.3637855
 0.78840901 0.33062764 0.92920152 0.60133856 0.55005136 0.83097558
 0.87059644 0.03108974 0.58556475 0.09147777 0.         0.07169998
 0.4848381  0.32670847 0.00690809 0.2328251  0.42583651 0.09046998
 0.11604526 0.42035892 0.         0.70722008]
Weights population #51
Weight: [0.25948688 0.25239914 0.53730222 0.08125241 0.54508225 0.42942402
 0.76602926 0.17270289 0.61182001 0.0788659  0.         0.09000131
 0.07005359 0.08454619 0.48093667 0.45955944 0.28307633 0.1647914
 0.2335474  0.01740568 0.86440367 0.79483469 0.37016169 0.92938979
 0.76758019 0.26379145 0.79196737 0.37787076 0.81656072 0.30956564
 0.47678157 0.21748502 0.87959074 0.72968681 0.74973314 0.33239709
 0.85638584 0.49569957 0.36766052 0.55912915 0.70713351 0.50320611
 0.50238016 0.62557822 0.08300807 0.17453572 0.76755987 0.70559682
 0.31197929 0.         0.23095092 0.48264024 0.71124004 0.77417605
 0.1059107  0.41052702 0.52526094 0.54615348 0.12119002 0.28612349
 0.8511511  0.75910546 0.28184172 0.82575541 0.47443269 0.55198807
 0.36944995 0.65209805 0.63836938 0.61887058 0.05886791 0.19255645
 0.24601367 0.0927626  0.51458225 0.45161186 0.15757714 0.48177423
 0.86815617 0.33151728 0.93041273 0.09573731 0.36788183 0.88533514
 0.79848964 0.32717046 0.86779707 0.31991555 0.40660757 0.08767373
 0.67805141 0.22212118 0.27987116 0.24129529 0.19756443 0.1144806
 0.25598081 0.33728287 0.01403057 0.77096609]
Weights population #52
Weight: [0.27946807 0.16719649 0.77484422 0.18441923 0.61933052 0.90360453
 0.69092851 0.26972419 0.53420885 0.07547961 0.01289682 0.39333829
 0.19295484 0.3607293  0.43502816 0.4128249  0.65367972 0.01644111
 0.21753194 0.56320399 0.91209033 0.38526881 0.54428875 0.97686676
 0.76886261 0.0698493  0.68292494 0.         0.99755874 0.32757562
 0.05796422 0.38978789 0.79213426 0.76627551 0.43506492 0.36300767
 0.87335507 0.48898462 0.00145461 0.48094274 0.68238931 0.38814235
 0.24417615 0.45337818 0.02282045 0.07415026 0.29740653 0.35618787
 0.33335957 0.71529328 0.2740174  0.59358218 0.92359852 0.64885542
 0.13543366 0.240752   0.19156731 0.79000762 0.11031518 0.13528396
 0.26650708 0.97071583 0.25712922 0.33781819 0.42523024 0.11688964
 0.5792508  0.86093406 1.         0.56721187 0.33105425 0.19835991
 0.3805294  0.02117746 0.63591598 0.38742605 0.3112815  0.53086597
 0.75197783 0.44480732 0.95133178 0.49012925 0.72065994 0.77680407
 0.54804227 0.09707254 0.65916218 0.65090579 0.10244146 0.
 0.41973708 0.311999   0.51147217 0.33682892 0.14024827 0.01777338
 0.20142644 0.44665278 0.02647651 0.61958776]
Weights population #53
Weight: [0.02244746 0.29197968 0.76725432 0.09745566 0.3046629  0.44510671
 0.83125801 0.27406445 0.53550652 0.10939635 0.00146689 0.82230829
 0.18456299 0.07858825 0.41191543 0.50920601 0.74185321 0.28623897
 0.21254811 0.1489296  0.90284379 0.96025208 0.42499676 0.95166838
 0.90829912 0.13005126 0.88177395 0.24462662 0.95118478 0.13522982
 0.07490452 0.4730122  0.6574392  0.74850935 0.75042393 0.42274696
 0.98782117 0.33013641 0.25978231 0.41319849 0.79748179 0.54791312
 0.48330951 0.57762007 0.01838612 0.30669916 0.17647714 0.98064682
 0.18704643 0.97290171 0.22986076 0.82774016 0.80886917 0.56694083
 0.08592801 0.36599221 0.08049171 0.21902965 0.13274923 0.29082788
 0.84704135 0.52778936 0.50495804 0.30025408 0.35899326 0.1373841
 0.59303126 0.60089287 0.63062414 0.90392711 0.         0.48148038
 0.14977005 0.02061446 0.43609827 0.83966814 0.         0.54249085
 0.61309487 0.39340868 0.8447758  0.         0.42613533 0.99888938
 0.92242708 0.32529069 0.7850053  0.7142948  0.22127302 0.
 0.85231115 0.43812123 0.24521844 0.10901385 0.35931956 0.04871593
 0.11006553 0.35434142 0.07546717 0.61058287]
Weights population #54
Weight: [0.27981283 0.08440742 0.73086237 0.09733371 0.55374273 0.48394218
 0.77390032 0.19357164 0.57558908 0.07722323 0.00523877 0.35684684
 0.04850003 0.15739281 0.4925684  0.43921168 0.2967392  0.0526254
 0.26198772 0.42140876 0.95685318 0.78907906 0.4271772  1.
 1.         0.         0.82409435 0.05755695 0.98127695 0.30320756
 0.60566282 0.2760991  0.91042215 0.714575   0.73498408 0.3767496
 0.8583162  0.49652475 0.38838705 0.58233581 0.95773131 0.29004311
 0.48186576 0.59064465 0.         0.13609498 0.86236951 0.64235079
 0.31216964 0.         0.24328273 0.56573182 0.72720544 0.80933504
 0.04568059 0.37054545 0.00705954 0.60487544 0.02633516 0.28647579
 0.84469365 0.81129499 0.30227702 0.35655028 0.37723551 0.61114703
 0.37483192 0.54390434 0.83817661 0.97456447 0.28422772 0.20410825
 0.03044842 0.17289008 0.52442645 0.49125825 0.         0.4609922
 0.78963525 0.32922078 0.94544299 0.03478311 0.58818638 0.84037029
 0.79562416 0.06704874 0.58600116 0.3108776  0.26705537 0.09209204
 0.53737535 0.29910092 0.26828489 0.10800292 0.12736482 0.1082815
 0.24953021 0.40288496 0.0566685  0.87213923]
Weights population #55
Weight: [0.24326378 0.2119859  0.64207041 0.17225205 0.58590786 0.77743766
 0.29128601 0.21665848 0.51909834 0.01733667 0.00109113 0.01013665
 0.         0.79767971 0.3862215  0.46783315 0.59829323 0.25303127
 0.2284144  0.02421051 0.87634153 0.30498362 0.7899645  0.87205523
 0.72649118 0.26718936 0.75159855 0.34420713 0.79258499 0.36040003
 0.05657847 0.97754722 0.21700276 0.6410975  0.40041307 0.37989983
 0.64214244 0.5029514  0.19015662 0.44156228 0.78307162 0.46909952
 0.41535573 0.4288105  0.13622657 0.11639568 0.15781817 0.23661272
 0.74407712 0.62282213 0.26456786 0.46340623 0.88696307 0.70892153
 0.15739137 0.18701496 0.05116712 0.65654567 0.14186887 0.14031211
 0.22674858 0.84005746 0.20481238 0.76254306 0.46255661 0.13181267
 0.53095539 0.64461636 0.70524013 0.58282484 0.09177383 0.22374751
 0.31051767 0.08135037 0.51103962 0.38212522 0.11166152 0.52014881
 0.9058437  0.27217806 0.94069479 0.19963136 0.41251731 0.88456695
 0.85347271 0.27267812 0.82521791 0.59671759 0.06789529 0.10625785
 0.61778987 0.22309558 0.46574092 0.29213151 0.18953296 0.08092538
 0.18649774 0.33552842 0.17161775 0.66883426]
Weights population #56
Weight: [0.15052666 0.16937245 0.84974899 0.08460011 0.61541874 0.45703254
 0.84290444 0.25898089 0.22879612 0.07878265 0.09884894 0.21798379
 0.01005569 0.33701095 0.43698038 0.40803929 0.53368021 0.88759997
 0.23015089 0.31712416 0.89141183 0.28759322 0.48783683 0.61834706
 0.64619525 0.18808716 0.9295362  0.15078264 0.66668321 0.28891785
 0.74743574 0.48836294 0.88614186 0.78338035 0.77525153 0.48499325
 0.86406418 0.44188984 0.07903994 0.46737764 0.60049781 0.36692309
 0.5461463  0.37618961 0.34333927 0.00930824 0.3842667  0.4070874
 0.61677739 0.88944135 0.2166896  0.65831116 0.88799761 0.46961589
 0.         0.22035819 0.05718558 0.02026699 0.18272016 0.0711927
 0.35659076 0.44211311 0.26964541 0.32053187 0.4198027  0.21335777
 0.52179284 0.79496016 0.88024291 0.60642254 0.19995001 0.22620771
 0.54765051 0.52437767 0.49356722 0.49590603 0.38717147 0.55072929
 0.63521437 0.30328327 0.81036499 0.59217829 0.67355123 1.
 0.78429596 0.13143815 0.91688725 0.73968052 0.5369925  0.1946406
 0.35319231 0.37835826 0.33894195 0.35501731 0.42395903 0.0340094
 0.15587425 0.39402445 0.         0.88776785]
Weights population #57
Weight: [0.28784013 0.18010656 0.52120071 0.06548024 0.51127487 0.49141993
 0.15891806 0.32604697 0.56891309 0.01418794 0.01460632 0.13034277
 0.25418081 0.90172844 0.22728299 0.38527138 0.28961774 0.05000396
 0.221238   0.44222717 0.87649396 0.90722942 0.16554238 0.94045019
 0.73304693 0.12760803 0.70181593 0.26047329 0.96562523 0.29355228
 0.51299985 0.9336323  0.05734386 0.72043621 0.37314655 0.43218024
 0.93364353 0.45077234 0.07923899 0.45723766 0.77512333 0.39745147
 0.80906173 0.45640081 0.03472209 0.12680656 0.03891135 0.8708004
 0.35565076 0.21012104 0.23575901 0.5157777  0.88569055 0.5704102
 0.         0.27738629 0.68432602 0.19046266 0.32790643 0.1386956
 0.65986097 0.57692006 0.24156506 0.80259996 0.50359466 0.23463596
 0.27515058 0.60772862 0.87407856 0.53457897 0.07434017 0.20905417
 0.27892523 0.36269012 0.51416835 0.48756716 0.11106638 0.51589685
 0.53183241 0.40785306 0.83358855 0.01115024 0.73071476 0.9066762
 0.80565983 0.10507039 0.92113911 0.11893598 0.07108644 0.10971944
 0.40729788 0.27839825 0.10577173 0.29310253 0.18685242 0.
 0.19033854 0.41080096 0.13949125 0.68367566]
Weights population #58
Weight: [0.0012894  0.55618111 0.09511768 0.01665661 0.45066543 0.1367071
 0.89162745 0.29156099 0.54914771 0.12235809 0.0498537  0.01418674
 0.         0.         0.38631444 0.10395582 0.00423308 0.9823501
 0.17051416 0.32378892 0.82466721 0.50527955 0.86510241 0.08454066
 0.13874861 0.78950125 0.81427864 0.79426619 0.04645588 0.24005115
 0.66278581 0.22813397 0.97431747 0.78394441 0.70455485 0.48717068
 0.835806   0.50927031 0.08270852 0.48382514 0.97033203 0.71427516
 1.         0.38368795 0.97748003 0.28979741 0.21154946 0.49846501
 0.13925009 0.1792949  0.22101247 0.26976423 0.67037758 0.67595663
 0.         0.11650866 0.         0.04162124 0.89226481 0.10693337
 0.11208188 0.28532093 0.36271659 0.61077499 0.71628553 0.82856701
 0.46831685 0.95833077 0.91663601 0.12535139 0.51530457 0.21228976
 0.17925308 0.37603339 0.4560763  0.90740252 0.73366664 0.42078603
 0.17568146 0.35500893 0.92286603 0.52225203 0.38770898 0.97181789
 0.78560787 0.50810354 0.89926317 0.80745758 0.55388333 0.09725739
 0.25852001 0.30566722 0.42443841 0.83937611 0.24423297 0.11927236
 0.25113512 0.46571126 0.00346211 0.51060133]
Weights population #59
Weight: [0.19727348 0.21946913 0.67223864 0.15962724 0.47724848 0.37807418
 0.66349767 0.19778946 0.67315025 0.07752802 0.03190849 0.45816651
 0.58158796 0.39002835 0.45971494 0.37354221 0.2962267  0.22352007
 0.22701874 0.82508091 0.95252773 0.50476441 0.58184946 0.99074472
 0.87323642 0.11974281 0.96787209 0.         0.88709448 0.323076
 0.53965066 0.31044549 0.83904359 0.67393182 0.83229302 0.51918018
 0.91808076 0.41518478 0.12077886 0.19658346 0.58791487 0.4953071
 0.93452501 0.34764408 0.01182473 0.04830344 0.24854531 0.43713586
 0.66668267 0.14130459 0.18485126 0.75862512 0.96767962 0.29985358
 0.34638875 0.1984981  0.61994086 0.17274235 0.07468139 0.19862542
 0.16303508 0.43917621 0.42161793 0.41480406 0.47343699 0.6636619
 0.29010134 0.8259271  0.60541288 0.78835946 0.38621941 0.34159581
 0.23398788 0.38294289 0.5100588  0.53543142 0.44646115 0.37002035
 0.92651864 0.54876231 0.71964192 0.22469117 0.61669561 0.87825898
 0.88715905 0.26298053 0.94187212 0.18401513 0.16098816 0.05449088
 0.85398033 0.38395799 0.00727544 0.16366525 0.39961499 0.03512432
 0.124776   0.36095867 0.         0.90519646]
Weights population #60
Weight: [0.19574881 0.10846523 0.05390938 0.18347512 0.52390708 0.45355024
 0.79062771 0.14022487 0.68040739 0.0795442  0.01492956 0.38455773
 0.17848581 0.27108892 0.43737837 0.44629486 0.37253801 0.22045521
 0.27831249 0.26875747 0.97055935 0.55047008 0.82444237 1.
 0.95712199 0.01057093 0.97793642 0.028942   0.84625957 0.3159758
 0.50344948 0.46369385 0.86513735 0.650819   0.91117018 0.52909328
 0.86453456 0.29832835 0.1688013  0.16173388 0.52379413 0.30844801
 0.85069586 0.35735144 0.04028986 0.03885177 0.27809465 0.43182201
 0.42783458 0.12425256 0.30431418 0.93541242 0.97142267 0.24540131
 0.05092872 0.34204107 0.10428062 0.25881058 0.         0.18096117
 0.22908641 0.52831958 0.21794474 0.15459922 0.68026173 0.73028683
 0.31263982 0.47538109 0.93191021 0.86049014 0.24410001 0.38277195
 0.03650624 0.37631136 0.46939153 0.44645193 0.83039401 0.36032615
 0.8525519  0.54730966 0.7337951  0.26193986 0.46078607 0.84130083
 0.89873654 0.04143255 1.         0.15248265 0.0259239  0.05503646
 0.39677862 0.50227009 0.         0.22822202 0.25872935 0.11644295
 0.10796684 0.42296674 0.33529811 0.68588032]
