,0
1392,78.0
1393,90.0
1394,94.0
1395,94.0
1396,78.0
1397,75.0
1398,64.0
1399,76.0
1400,74.0
1401,77.0
1402,64.0
1403,90.0
1404,71.0
1405,77.0
1406,76.0
1407,78.0
1408,74.0
1409,75.0
1410,78.0
1411,90.0
1412,87.0
1413,77.0
1414,76.0
1415,71.0
1416,64.0
1417,77.0
1418,71.0
1419,96.0
1420,64.0
1421,71.0
1422,64.0
1423,78.0
1424,71.0
1425,74.0
1426,78.0
1427,87.0
1428,100.0
1429,64.0
1430,76.0
1431,78.0
1432,76.0
1433,78.0
1434,96.0
1435,96.0
1436,87.0
1437,74.0
1438,91.0
1439,100.0
1440,100.0
1441,96.0
1442,75.0
1443,96.0
1444,97.0
1445,87.0
1446,76.0
1447,78.0
1448,78.0
1449,76.0
1450,64.0
1451,76.0
1452,78.0
1453,86.0
1454,71.0
1455,71.0
1456,71.0
1457,74.0
1458,94.0
1459,76.0
1460,64.0
1461,75.0
1462,64.0
1463,78.0
1464,82.0
1465,78.0
1466,74.0
1467,91.0
1468,97.0
1469,71.0
1470,96.0
1471,68.0
1472,94.0
1473,92.0
1474,90.0
1475,74.0
1476,78.0
1477,78.0
1478,75.0
1479,74.0
1480,94.0
1481,94.0
1482,96.0
1483,89.0
1484,64.0
1485,78.0
1486,71.0
1487,64.0
1488,78.0
1489,82.0
1490,72.0
1491,78.0
1492,77.0
1493,113.0
1494,74.0
1495,103.0
1496,71.0
1497,96.0
1498,71.0
1499,91.0
1500,64.0
1501,76.0
1502,78.0
1503,76.0
1504,74.0
1505,82.0
1506,78.0
1507,78.0
1508,74.0
1509,78.0
1510,64.0
1511,64.0
1512,64.0
1513,64.0
1514,64.0
1515,71.0
1516,78.0
1517,90.0
1518,96.0
1519,89.0
1520,76.0
1521,78.0
1522,91.0
1523,94.0
1524,70.0
1525,82.0
1526,96.0
1527,98.0
1528,91.0
1529,77.0
1530,90.0
1531,65.0
1532,78.0
1533,98.0
1534,74.0
1535,98.0
1536,96.0
1537,87.0
1538,78.0
1539,78.0
1540,90.0
1541,96.0
1542,78.0
1543,96.0
1544,89.0
1545,90.0
1546,98.0
1547,64.0
1548,90.0
1549,78.0
1550,78.0
1551,78.0
1552,76.0
1553,90.0
1554,91.0
1555,64.0
1556,77.0
1557,100.0
1558,87.0
1559,71.0
1560,78.0
1561,78.0
1562,76.0
1563,78.0
1564,99.0
1565,87.0
1566,76.0
1567,90.0
1568,96.0
1569,78.0
1570,89.0
1571,99.0
1572,89.0
1573,64.0
1574,90.0
1575,96.0
1576,87.0
1577,92.0
1578,94.0
1579,100.0
1580,113.0
1581,78.0
1582,98.0
1583,97.0
1584,91.0
1585,95.0
1586,98.0
1587,71.0
1588,96.0
1589,96.0
1590,94.0
1591,94.0
1592,87.0
1593,96.0
1594,77.0
1595,77.0
1596,64.0
1597,94.0
1598,78.0
1599,78.0
1600,66.0
1601,78.0
1602,78.0
1603,78.0
1604,76.0
1605,77.0
1606,71.0
1607,71.0
1608,82.0
1609,76.0
1610,74.0
1611,76.0
1612,74.0
1613,71.0
1614,64.0
1615,94.0
1616,74.0
1617,78.0
1618,96.0
1619,94.0
1620,66.0
1621,87.0
1622,99.0
1623,90.0
1624,89.0
1625,101.0
1626,96.0
1627,91.0
1628,77.0
1629,71.0
1630,90.0
1631,74.0
1632,89.0
1633,82.0
1634,77.0
1635,74.0
1636,72.0
1637,94.0
1638,78.0
1639,64.0
1640,71.0
1641,76.0
1642,94.0
1643,76.0
1644,77.0
1645,77.0
1646,76.0
1647,78.0
1648,77.0
1649,71.0
1650,64.0
1651,94.0
1652,78.0
1653,78.0
1654,76.0
1655,82.0
1656,96.0
1657,74.0
1658,95.0
1659,78.0
1660,76.0
1661,94.0
1662,74.0
1663,100.0
1664,90.0
1665,81.0
1666,91.0
1667,98.0
1668,78.0
1669,78.0
1670,74.0
1671,101.0
1826,70.0
1827,68.0
1828,70.0
1829,64.0
1830,71.0
1831,70.0
1832,68.0
