,0
786,209.0
787,205.0
788,202.0
789,202.0
790,205.0
791,205.0
792,205.0
793,202.0
794,205.0
795,205.0
796,205.0
797,205.0
798,205.0
799,205.0
800,205.0
801,202.0
802,205.0
803,202.0
804,197.0
805,205.0
806,205.0
807,209.0
808,202.0
809,202.0
810,201.0
811,209.0
812,202.0
813,202.0
814,202.0
815,209.0
816,205.0
817,197.0
818,205.0
819,209.0
820,205.0
821,209.0
822,205.0
823,199.0
824,205.0
825,205.0
826,209.0
827,205.0
828,200.0
829,209.0
830,202.0
831,209.0
832,205.0
833,201.0
834,209.0
835,205.0
836,201.0
837,205.0
838,209.0
839,209.0
840,209.0
841,209.0
842,209.0
843,205.0
844,205.0
845,203.0
846,209.0
847,205.0
848,209.0
849,201.0
850,205.0
851,205.0
852,205.0
853,209.0
854,205.0
855,202.0
856,205.0
857,205.0
858,201.0
859,202.0
860,202.0
861,205.0
862,202.0
863,197.0
864,202.0
865,197.0
866,202.0
867,205.0
868,202.0
869,205.0
870,209.0
871,202.0
872,202.0
873,202.0
874,205.0
875,205.0
876,205.0
877,205.0
878,209.0
879,202.0
880,209.0
881,209.0
882,202.0
883,205.0
884,202.0
885,202.0
886,202.0
887,202.0
888,205.0
889,202.0
890,206.0
891,202.0
892,205.0
893,209.0
894,197.0
895,205.0
896,202.0
897,205.0
898,205.0
899,206.0
900,205.0
901,202.0
902,205.0
903,205.0
904,209.0
905,205.0
906,209.0
907,209.0
908,205.0
909,197.0
910,201.0
911,205.0
912,205.0
913,202.0
914,202.0
915,202.0
916,193.0
917,194.0
918,205.0
919,205.0
920,202.0
921,205.0
922,202.0
923,209.0
924,202.0
925,197.0
926,202.0
927,202.0
928,201.0
929,202.0
930,202.0
931,202.0
932,205.0
933,205.0
934,201.0
935,205.0
936,194.0
937,205.0
938,202.0
939,197.0
940,202.0
941,194.0
942,205.0
943,205.0
944,205.0
945,209.0
946,202.0
947,209.0
948,209.0
949,202.0
950,209.0
951,205.0
952,209.0
953,205.0
954,205.0
955,209.0
956,209.0
957,209.0
958,209.0
959,209.0
960,205.0
961,209.0
962,205.0
963,209.0
964,206.0
965,209.0
966,209.0
967,209.0
968,213.0
969,209.0
970,205.0
971,202.0
972,209.0
973,209.0
974,209.0
975,209.0
976,205.0
977,205.0
978,209.0
979,209.0
980,209.0
981,209.0
982,209.0
983,209.0
984,209.0
985,209.0
986,213.0
987,209.0
988,209.0
989,209.0
990,209.0
991,209.0
992,209.0
993,205.0
994,202.0
995,201.0
996,209.0
997,205.0
998,205.0
999,205.0
1000,213.0
1001,209.0
1002,209.0
1003,209.0
1004,202.0
1005,205.0
1006,202.0
1007,209.0
1008,202.0
1009,202.0
1010,205.0
1011,205.0
1012,200.0
1013,205.0
1014,205.0
1015,205.0
1016,202.0
1017,205.0
1018,209.0
1019,209.0
1020,197.0
1021,213.0
1022,209.0
1023,202.0
1024,205.0
1025,202.0
1026,205.0
1027,205.0
1028,205.0
1029,202.0
1030,201.0
1031,209.0
1032,202.0
1033,202.0
1034,202.0
1035,202.0
1036,202.0
1037,202.0
1038,205.0
1039,203.0
1040,202.0
1041,205.0
1042,201.0
1043,209.0
1044,205.0
1045,205.0
1046,205.0
1047,213.0
1048,202.0
1049,202.0
1050,205.0
1051,209.0
1052,202.0
1053,205.0
1054,205.0
1055,194.0
1056,202.0
1057,202.0
1058,202.0
1059,202.0
1060,205.0
1061,201.0
1062,205.0
1063,202.0
1064,205.0
1065,209.0
1066,198.0
1067,202.0
1068,202.0
1069,209.0
1070,209.0
1071,209.0
1072,213.0
1073,213.0
1074,213.0
1075,213.0
1076,209.0
1077,209.0
1078,209.0
1079,209.0
1080,209.0
1081,209.0
1082,213.0
1083,209.0
1084,209.0
1085,209.0
1086,213.0
1087,209.0
1088,213.0
1089,205.0
1090,209.0
1091,212.0
1092,213.0
1093,219.0
1094,213.0
1095,209.0
1096,205.0
1097,209.0
1098,209.0
1099,209.0
1100,209.0
1101,212.0
1102,209.0
1103,202.0
1104,209.0
1105,209.0
1106,205.0
1107,205.0
1108,205.0
1109,205.0
1110,209.0
1111,209.0
1112,202.0
1113,209.0
1114,205.0
1115,205.0
1116,205.0
1117,201.0
1118,202.0
1119,209.0
1120,209.0
1121,205.0
1122,205.0
1123,209.0
1124,209.0
1125,209.0
1126,202.0
1127,205.0
1128,201.0
1129,205.0
1130,209.0
1131,209.0
1132,209.0
1133,205.0
1134,197.0
1135,201.0
1136,202.0
1137,205.0
1138,213.0
1139,209.0
1140,213.0
1141,209.0
1142,205.0
1143,202.0
1144,209.0
1145,206.0
1146,205.0
1147,209.0
1148,212.0
1149,205.0
1150,205.0
1151,213.0
1152,205.0
1153,209.0
1154,209.0
1155,213.0
1156,209.0
1157,209.0
1158,205.0
1159,209.0
1160,209.0
1161,209.0
1162,213.0
1163,209.0
1164,202.0
1165,205.0
1166,205.0
1167,202.0
1168,202.0
1169,205.0
1170,205.0
1171,202.0
1172,205.0
1173,209.0
1174,209.0
1175,209.0
1176,202.0
1177,205.0
1178,205.0
1179,202.0
1180,205.0
1181,202.0
1182,197.0
1183,202.0
1184,202.0
1185,209.0
1186,205.0
1187,205.0
1188,209.0
1189,209.0
1190,209.0
1191,202.0
1192,213.0
1193,209.0
1194,205.0
1195,205.0
1196,202.0
1197,213.0
1198,209.0
1199,209.0
1200,202.0
1201,209.0
1202,205.0
1203,205.0
1204,209.0
1205,205.0
1206,209.0
1207,213.0
1208,202.0
1209,205.0
1210,202.0
1211,205.0
1212,202.0
1213,205.0
1214,209.0
1215,202.0
1216,205.0
1217,209.0
1218,202.0
1219,205.0
1220,209.0
1221,209.0
1222,205.0
1223,202.0
1224,202.0
1225,205.0
1226,205.0
1227,205.0
1228,202.0
1229,209.0
1230,205.0
1231,205.0
1232,202.0
1233,209.0
1234,202.0
1235,202.0
1236,202.0
1237,202.0
1238,205.0
1239,202.0
1240,197.0
1241,202.0
1242,202.0
1243,209.0
1244,202.0
1245,197.0
1246,202.0
1247,197.0
1248,202.0
1249,206.0
1250,202.0
1251,205.0
1252,202.0
1253,209.0
1254,213.0
1255,213.0
1256,213.0
1257,213.0
1258,205.0
1259,209.0
1260,213.0
1261,209.0
1262,209.0
1263,213.0
1264,213.0
1265,205.0
1266,209.0
1267,205.0
1268,205.0
1269,209.0
1270,209.0
1271,205.0
1272,213.0
1273,213.0
1274,213.0
1275,209.0
1276,219.0
1277,212.0
1278,209.0
1279,205.0
1280,202.0
1281,205.0
1282,205.0
1283,202.0
1284,205.0
1285,202.0
1286,197.0
1287,202.0
1288,202.0
1289,205.0
1290,205.0
1291,209.0
1292,209.0
1293,205.0
1294,200.0
1295,205.0
1296,197.0
1297,195.0
1298,194.0
1299,197.0
1300,209.0
1301,205.0
1302,209.0
1303,209.0
1304,209.0
1305,197.0
1306,202.0
1307,202.0
1308,199.0
1309,202.0
1310,194.0
1311,202.0
1312,202.0
1313,202.0
1314,201.0
1315,206.0
1316,205.0
1317,205.0
1318,205.0
1319,202.0
1320,202.0
1321,202.0
1322,197.0
1323,201.0
1324,205.0
1325,209.0
1326,205.0
1327,205.0
1328,205.0
1329,205.0
1330,202.0
1331,202.0
1332,205.0
1333,202.0
1334,205.0
1335,205.0
1336,205.0
1337,202.0
1338,205.0
1339,205.0
1340,205.0
1341,205.0
1342,202.0
1343,202.0
1344,205.0
1345,209.0
1346,213.0
1347,209.0
1348,202.0
1349,205.0
1350,202.0
1351,209.0
1352,209.0
1353,205.0
1354,205.0
1355,209.0
1356,202.0
1357,205.0
1358,205.0
1359,209.0
1360,209.0
1361,205.0
1362,209.0
1363,202.0
1364,205.0
1365,209.0
1366,205.0
1367,205.0
1368,202.0
1369,202.0
1370,209.0
1371,205.0
1372,205.0
1373,205.0
1374,202.0
1375,209.0
1376,209.0
1377,202.0
1378,205.0
1379,209.0
1380,205.0
1381,209.0
1382,205.0
1383,205.0
1384,205.0
1385,205.0
1386,209.0
1387,205.0
1388,209.0
1389,209.0
1390,205.0
1391,205.0
1672,210.0
1673,188.0
1674,196.0
1675,203.0
1676,202.0
1677,191.0
1678,209.0
1679,210.0
1680,189.0
1681,191.0
1682,188.0
1683,186.0
1684,189.0
1685,184.0
1686,206.0
1687,195.0
1688,189.0
1689,196.0
1690,196.0
1691,203.0
1692,204.0
1693,207.0
1694,188.0
1695,188.0
1696,192.0
1697,197.0
1698,186.0
1699,192.0
1700,202.0
1701,189.0
1702,206.0
1703,186.0
1704,195.0
1705,184.0
1706,203.0
1707,207.0
1708,207.0
1709,202.0
1710,199.0
1711,206.0
1712,203.0
1713,204.0
1714,209.0
1715,210.0
1716,197.0
1717,202.0
1718,197.0
1719,207.0
1720,202.0
1721,203.0
1722,200.0
1723,199.0
1724,197.0
1725,216.0
1726,189.0
1727,185.0
1728,203.0
1729,206.0
1730,188.0
1731,187.0
1732,188.0
1733,185.0
1734,188.0
1735,189.0
1736,195.0
1737,189.0
1738,187.0
1739,205.0
1740,203.0
1741,200.0
1742,191.0
1743,185.0
1744,208.0
1745,204.0
1746,190.0
1747,186.0
1748,200.0
1749,190.0
1750,203.0
1751,221.0
1752,189.0
1753,211.0
1754,189.0
1755,219.0
1756,202.0
1757,187.0
1758,186.0
1759,189.0
1760,206.0
1761,212.0
1762,210.0
1763,191.0
1764,208.0
1765,188.0
1766,204.0
1767,210.0
1768,185.0
1769,204.0
1770,207.0
1771,192.0
1772,190.0
1773,185.0
1774,188.0
1775,195.0
1776,202.0
1777,203.0
1778,191.0
1779,221.0
1780,188.0
1781,186.0
1782,203.0
1783,207.0
1784,192.0
1785,187.0
1786,204.0
1787,209.0
1788,205.0
1789,212.0
1790,206.0
1791,204.0
1792,204.0
1793,214.0
1794,205.0
1795,191.0
1796,196.0
1797,195.0
1798,190.0
1799,196.0
1800,204.0
1801,204.0
1802,187.0
1803,186.0
1804,186.0
1805,186.0
1806,187.0
1807,200.0
1808,195.0
1809,205.0
1810,202.0
1811,203.0
1812,185.0
1813,185.0
1814,203.0
1815,186.0
1816,196.0
1817,186.0
1818,202.0
1819,203.0
1820,188.0
1821,189.0
1822,203.0
1823,202.0
1824,189.0
1825,190.0
3078,136.0
3079,140.0
3080,145.0
3081,146.0
3082,145.0
3083,141.0
3084,143.0
3085,142.0
3086,142.0
3087,143.0
3088,147.0
3089,143.0
3090,150.0
3091,143.0
3092,142.0
3093,143.0
3094,145.0
3095,143.0
3096,141.0
3097,140.0
3098,142.0
3099,147.0
3100,144.0
3101,146.0
3102,141.0
3103,140.0
3104,140.0
3105,141.0
3106,141.0
3107,142.0
3108,149.0
3109,150.0
3110,151.0
3111,147.0
3112,145.0
3113,145.0
3114,141.0
3115,141.0
3116,140.0
3117,141.0
3118,136.0
3119,140.0
3120,141.0
3121,140.0
3122,136.0
3123,146.0
3124,142.0
3125,142.0
3126,145.0
3127,142.0
3128,140.0
3129,142.0
3130,141.0
3131,138.0
3132,137.0
3133,143.0
3134,146.0
3135,139.0
3136,137.0
3137,135.0
3138,137.0
3139,142.0
3140,135.0
3141,150.0
3142,150.0
3143,148.0
3144,149.0
3145,152.0
3146,149.0
3147,142.0
3148,146.0
3149,148.0
3150,144.0
3151,141.0
3152,142.0
3153,141.0
3154,147.0
3155,146.0
3156,143.0
3157,154.0
3158,148.0
3159,154.0
3160,152.0
3161,152.0
3162,148.0
3163,152.0
3164,142.0
3165,152.0
3166,145.0
3167,148.0
3168,148.0
3169,148.0
3170,151.0
3171,144.0
3172,151.0
3173,148.0
3174,152.0
3175,142.0
3176,143.0
3177,152.0
3178,152.0
3179,150.0
3180,152.0
3181,152.0
3182,152.0
3183,150.0
3184,152.0
3185,154.0
3186,154.0
3187,150.0
3188,150.0
3189,154.0
3190,150.0
3191,152.0
3192,151.0
3193,152.0
3194,153.0
3195,150.0
3196,152.0
3197,152.0
3198,146.0
3199,141.0
3200,143.0
3201,148.0
3202,143.0
3203,141.0
3204,147.0
3205,147.0
3206,147.0
3207,148.0
3208,149.0
3209,147.0
3210,148.0
3211,143.0
3212,143.0
3213,148.0
3214,148.0
3215,144.0
3216,146.0
3217,152.0
3218,148.0
3219,142.0
3220,141.0
3221,137.0
3222,141.0
3223,142.0
3224,137.0
3225,138.0
3226,141.0
3227,136.0
3228,137.0
3229,141.0
3230,137.0
3231,138.0
3232,136.0
3233,137.0
3234,146.0
3235,142.0
3236,144.0
3237,142.0
3238,143.0
3239,140.0
3240,152.0
3241,143.0
3242,152.0
3243,150.0
3244,147.0
3245,156.0
3246,152.0
3247,151.0
3248,152.0
3249,143.0
3250,150.0
3251,152.0
3252,147.0
3253,146.0
3254,144.0
3255,150.0
3256,146.0
3257,148.0
3258,149.0
3259,149.0
3260,149.0
3261,146.0
3262,148.0
3263,148.0
3264,150.0
3265,146.0
3266,148.0
3267,148.0
3268,146.0
3269,148.0
3270,148.0
3271,150.0
3272,151.0
3273,146.0
3274,143.0
3275,148.0
3276,145.0
3277,145.0
3278,143.0
3279,143.0
3280,143.0
3281,150.0
3282,152.0
3283,159.0
3284,152.0
3285,142.0
3286,149.0
3287,152.0
3288,150.0
3289,152.0
3290,151.0
3291,150.0
3292,147.0
3293,152.0
3294,147.0
3295,149.0
3296,147.0
3297,143.0
3298,144.0
3299,139.0
3300,150.0
3301,142.0
3302,145.0
3303,144.0
3304,142.0
3305,145.0
3306,144.0
3307,144.0
3308,148.0
3309,146.0
3310,150.0
3311,138.0
3312,141.0
3313,143.0
3314,142.0
3315,150.0
3316,148.0
3317,147.0
3318,158.0
3319,150.0
3320,154.0
3321,148.0
3322,148.0
3323,148.0
3324,143.0
3325,141.0
3326,138.0
3327,146.0
3328,148.0
3329,143.0
3330,146.0
3331,152.0
3332,150.0
3333,150.0
3334,147.0
3335,146.0
3336,143.0
3337,143.0
3338,143.0
3339,146.0
3340,152.0
3341,144.0
3342,141.0
3343,135.0
3344,141.0
3345,138.0
3346,136.0
3347,137.0
3348,142.0
3349,147.0
3350,142.0
3351,139.0
3352,137.0
3353,140.0
3354,141.0
3355,141.0
3356,143.0
3357,142.0
3358,142.0
3359,142.0
3360,152.0
3361,151.0
3362,150.0
3363,154.0
3364,152.0
3365,154.0
3366,158.0
3367,154.0
3368,154.0
3369,156.0
3370,154.0
3371,156.0
3372,154.0
3373,156.0
3374,154.0
3375,154.0
3376,158.0
3377,154.0
3378,154.0
3379,156.0
3380,154.0
3381,148.0
3382,152.0
3383,154.0
3384,155.0
3385,154.0
3386,151.0
3387,154.0
3388,151.0
3389,154.0
3390,154.0
3391,154.0
3392,152.0
3393,152.0
3394,153.0
3395,154.0
3396,148.0
3397,147.0
3398,150.0
3399,150.0
3400,148.0
3401,148.0
3402,149.0
3403,149.0
3404,148.0
3405,152.0
3406,149.0
3407,148.0
3408,154.0
3409,154.0
3410,135.0
3411,133.0
3412,138.0
3413,136.0
3414,135.0
3415,137.0
3416,141.0
3417,136.0
3418,144.0
3419,140.0
3420,137.0
3421,141.0
3422,138.0
3423,141.0
3424,142.0
3425,141.0
3426,142.0
3427,136.0
3428,143.0
3429,145.0
3430,146.0
3431,148.0
3432,150.0
3433,148.0
3434,147.0
3435,148.0
3436,147.0
3437,142.0
3438,142.0
3439,142.0
3440,143.0
3441,137.0
3442,142.0
3443,137.0
3444,141.0
3445,135.0
3446,143.0
3447,144.0
3448,142.0
3449,142.0
3450,144.0
3451,144.0
3452,146.0
3453,152.0
3454,152.0
3455,143.0
3456,146.0
3457,145.0
3458,147.0
3459,148.0
3460,148.0
3461,148.0
3462,146.0
3463,146.0
3464,146.0
3465,146.0
3466,144.0
3467,145.0
3468,146.0
3469,148.0
3470,150.0
3471,146.0
3472,143.0
3473,127.0
3474,127.0
3475,125.0
3476,133.0
3477,130.0
3478,130.0
3479,130.0
3480,129.0
3481,129.0
3482,132.0
3483,132.0
3484,132.0
3485,133.0
3486,131.0
3487,130.0
3488,133.0
3489,131.0
3490,131.0
3491,126.0
3492,126.0
3493,126.0
3494,133.0
3495,133.0
3496,133.0
3497,129.0
3498,128.0
3499,128.0
3500,130.0
3501,127.0
3502,127.0
3503,136.0
3504,136.0
3505,136.0
3506,132.0
3507,130.0
3508,129.0
3509,129.0
3510,127.0
3511,128.0
3512,128.0
3513,125.0
3514,128.0
3515,134.0
3516,128.0
3517,128.0
3518,128.0
3519,129.0
3520,129.0
3521,130.0
3522,130.0
3523,129.0
3524,130.0
3525,130.0
3526,127.0
3527,127.0
3528,128.0
3529,127.0
3530,128.0
3531,127.0
3532,122.0
3533,126.0
3534,126.0
3535,122.0
3536,132.0
3537,132.0
3538,134.0
3539,132.0
3540,130.0
3541,132.0
3542,132.0
3543,131.0
3544,128.0
3545,130.0
3546,129.0
3547,128.0
3548,132.0
3549,127.0
3550,128.0
3551,134.0
3552,134.0
3553,134.0
3554,138.0
3555,136.0
3556,136.0
3557,136.0
3558,134.0
3559,131.0
3560,132.0
3561,136.0
3562,140.0
3563,142.0
3564,136.0
3565,136.0
3566,134.0
3567,134.0
3568,132.0
3569,133.0
3570,130.0
3571,132.0
3572,142.0
3573,138.0
3574,140.0
3575,136.0
3576,138.0
3577,137.0
3578,138.0
3579,136.0
3580,136.0
3581,136.0
3582,136.0
3583,136.0
3584,138.0
3585,138.0
3586,136.0
3587,138.0
3588,138.0
3589,136.0
3590,136.0
3591,136.0
3592,136.0
3593,132.0
3594,132.0
3595,130.0
3596,130.0
3597,130.0
3598,128.0
3599,136.0
3600,134.0
3601,136.0
3602,135.0
3603,133.0
3604,135.0
3605,131.0
3606,133.0
3607,133.0
3608,136.0
3609,134.0
3610,134.0
3611,134.0
3612,134.0
3613,136.0
3614,127.0
3615,128.0
3616,127.0
3617,126.0
3618,125.0
3619,125.0
3620,129.0
3621,127.0
3622,130.0
3623,127.0
3624,121.0
3625,123.0
3626,130.0
3627,126.0
3628,123.0
3629,128.0
3630,128.0
3631,130.0
3632,130.0
3633,130.0
3634,129.0
3635,136.0
3636,136.0
3637,136.0
3638,133.0
3639,136.0
3640,136.0
3641,136.0
3642,138.0
3643,136.0
3644,135.0
3645,136.0
3646,133.0
3647,132.0
3648,132.0
3649,130.0
3650,136.0
3651,135.0
3652,130.0
3653,132.0
3654,133.0
3655,134.0
3656,134.0
3657,132.0
3658,132.0
3659,136.0
3660,133.0
3661,132.0
3662,136.0
3663,136.0
3664,134.0
3665,134.0
3666,132.0
3667,136.0
3668,136.0
3669,130.0
3670,127.0
3671,132.0
3672,132.0
3673,130.0
3674,136.0
3675,134.0
3676,132.0
3677,141.0
3678,136.0
3679,138.0
3680,135.0
3681,134.0
3682,135.0
3683,136.0
3684,134.0
3685,135.0
3686,134.0
3687,135.0
3688,135.0
3689,135.0
3690,136.0
3691,136.0
3692,129.0
3693,136.0
3694,129.0
3695,128.0
3696,132.0
3697,130.0
3698,132.0
3699,134.0
3700,135.0
3701,132.0
3702,136.0
3703,132.0
3704,133.0
3705,134.0
3706,136.0
3707,127.0
3708,128.0
3709,128.0
3710,136.0
3711,133.0
3712,136.0
3713,140.0
3714,141.0
3715,140.0
3716,136.0
3717,136.0
3718,136.0
3719,127.0
3720,127.0
3721,128.0
3722,136.0
3723,135.0
3724,136.0
3725,134.0
3726,136.0
3727,132.0
3728,133.0
3729,134.0
3730,132.0
3731,133.0
3732,130.0
3733,132.0
3734,132.0
3735,134.0
3736,129.0
3737,125.0
3738,122.0
3739,127.0
3740,127.0
3741,123.0
3742,121.0
3743,121.0
3744,121.0
3745,131.0
3746,128.0
3747,127.0
3748,127.0
3749,129.0
3750,127.0
3751,127.0
3752,130.0
3753,127.0
3754,127.0
3755,136.0
3756,134.0
3757,136.0
3758,138.0
3759,138.0
3760,137.0
3761,140.0
3762,140.0
3763,139.0
3764,138.0
3765,136.0
3766,139.0
3767,139.0
3768,141.0
3769,141.0
3770,138.0
3771,140.0
3772,140.0
3773,138.0
3774,140.0
3775,144.0
3776,140.0
3777,138.0
3778,136.0
3779,138.0
3780,136.0
3781,136.0
3782,138.0
3783,136.0
3784,136.0
3785,134.0
3786,135.0
3787,134.0
3788,140.0
3789,140.0
3790,141.0
3791,134.0
3792,132.0
3793,133.0
3794,130.0
3795,133.0
3796,129.0
3797,136.0
3798,136.0
3799,136.0
3800,136.0
3801,136.0
3802,130.0
3803,144.0
3804,142.0
3805,140.0
3806,127.0
3807,127.0
3808,127.0
3809,128.0
3810,127.0
3811,125.0
3812,130.0
3813,128.0
3814,128.0
3815,123.0
3816,124.0
3817,127.0
3818,128.0
3819,129.0
3820,126.0
3821,121.0
3822,121.0
3823,121.0
3824,132.0
3825,135.0
3826,132.0
3827,133.0
3828,132.0
3829,132.0
3830,134.0
3831,132.0
3832,132.0
3833,129.0
3834,128.0
3835,128.0
3836,128.0
3837,128.0
3838,125.0
3839,125.0
3840,126.0
3841,123.0
3842,130.0
3843,127.0
3844,130.0
3845,128.0
3846,128.0
3847,126.0
3848,136.0
3849,134.0
3850,134.0
3851,130.0
3852,134.0
3853,135.0
3854,132.0
3855,131.0
3856,131.0
3857,135.0
3858,132.0
3859,132.0
3860,131.0
3861,133.0
3862,130.0
3863,136.0
3864,135.0
3865,134.0
3866,136.0
3867,133.0
3868,135.0
