,0
0,114.0
1,115.0
2,116.0
3,123.0
4,118.0
5,120.0
6,122.0
7,119.0
8,121.0
9,119.0
10,121.0
11,122.0
12,119.0
13,118.0
14,121.0
15,118.0
16,121.0
17,119.0
18,126.0
19,122.0
20,123.0
21,119.0
22,119.0
23,121.0
24,118.0
25,119.0
26,120.0
27,123.0
28,121.0
29,121.0
30,123.0
31,125.0
32,125.0
33,117.0
34,116.0
35,114.0
36,131.0
37,129.0
38,128.0
39,114.0
40,114.0
41,119.0
42,115.0
43,115.0
44,117.0
45,116.0
46,113.0
47,113.0
48,121.0
49,118.0
50,119.0
51,121.0
52,118.0
53,118.0
54,125.0
55,118.0
56,122.0
57,118.0
58,110.0
59,117.0
60,118.0
61,119.0
62,120.0
63,123.0
64,119.0
65,122.0
66,119.0
67,116.0
68,117.0
69,104.0
70,108.0
71,113.0
72,123.0
73,123.0
74,123.0
75,117.0
76,118.0
77,122.0
78,114.0
79,116.0
80,117.0
81,123.0
82,120.0
83,118.0
84,118.0
85,119.0
86,121.0
87,123.0
88,127.0
89,128.0
90,123.0
91,125.0
92,120.0
93,129.0
94,123.0
95,126.0
96,133.0
97,123.0
98,129.0
99,125.0
100,126.0
101,133.0
102,126.0
103,126.0
104,128.0
105,126.0
106,126.0
107,127.0
108,127.0
109,127.0
110,130.0
111,127.0
112,127.0
113,129.0
114,131.0
115,125.0
116,127.0
117,128.0
118,126.0
119,128.0
120,132.0
121,127.0
122,132.0
123,127.0
124,124.0
125,129.0
126,123.0
127,124.0
128,133.0
129,125.0
130,125.0
131,124.0
132,127.0
133,125.0
134,123.0
135,131.0
136,127.0
137,128.0
138,129.0
139,122.0
140,132.0
141,127.0
142,125.0
143,130.0
144,126.0
145,125.0
146,127.0
147,110.0
148,114.0
149,115.0
150,116.0
151,115.0
152,117.0
153,115.0
154,112.0
155,114.0
156,114.0
157,117.0
158,110.0
159,116.0
160,114.0
161,120.0
162,117.0
163,114.0
164,119.0
165,118.0
166,117.0
167,124.0
168,123.0
169,120.0
170,125.0
171,120.0
172,117.0
173,122.0
174,123.0
175,120.0
176,123.0
177,124.0
178,123.0
179,131.0
180,121.0
181,119.0
182,124.0
183,121.0
184,123.0
185,124.0
186,117.0
187,121.0
188,123.0
189,118.0
190,123.0
191,121.0
192,123.0
193,123.0
194,124.0
195,115.0
196,120.0
197,124.0
198,118.0
199,122.0
200,124.0
201,114.0
202,114.0
203,115.0
204,118.0
205,110.0
206,114.0
207,120.0
208,119.0
209,125.0
210,125.0
211,127.0
212,126.0
213,124.0
214,126.0
215,126.0
216,115.0
217,114.0
218,116.0
219,119.0
220,117.0
221,120.0
222,116.0
223,107.0
224,108.0
225,127.0
226,124.0
227,130.0
228,118.0
229,115.0
230,120.0
231,128.0
232,127.0
233,126.0
234,115.0
235,116.0
236,117.0
237,121.0
238,121.0
239,119.0
240,138.0
241,130.0
242,152.0
243,121.0
244,124.0
245,126.0
246,118.0
247,117.0
248,117.0
249,117.0
250,118.0
251,123.0
252,118.0
253,112.0
254,123.0
255,125.0
256,120.0
257,117.0
258,118.0
259,113.0
260,116.0
261,110.0
262,114.0
263,114.0
264,116.0
265,114.0
266,114.0
267,116.0
268,117.0
269,117.0
270,122.0
271,120.0
272,120.0
273,114.0
274,114.0
275,114.0
276,114.0
277,116.0
278,119.0
279,126.0
280,126.0
281,126.0
282,134.0
283,125.0
284,123.0
285,133.0
286,134.0
287,135.0
288,140.0
289,133.0
290,134.0
291,134.0
292,134.0
293,138.0
294,137.0
295,132.0
296,137.0
297,132.0
298,133.0
299,137.0
300,133.0
301,127.0
302,131.0
303,119.0
304,131.0
305,125.0
306,124.0
307,131.0
308,133.0
309,127.0
310,125.0
311,125.0
312,127.0
313,133.0
314,133.0
315,120.0
316,118.0
317,117.0
318,123.0
319,117.0
320,123.0
321,125.0
322,118.0
323,125.0
324,129.0
325,131.0
326,125.0
327,108.0
328,104.0
329,99.0
330,108.0
331,108.0
332,110.0
333,118.0
334,118.0
335,114.0
336,110.0
337,114.0
338,110.0
339,104.0
340,107.0
341,109.0
342,108.0
343,109.0
344,114.0
345,110.0
346,106.0
347,104.0
348,108.0
349,104.0
350,104.0
351,105.0
352,109.0
353,110.0
354,118.0
355,118.0
356,118.0
357,118.0
358,118.0
359,115.0
360,123.0
361,120.0
362,127.0
363,127.0
364,127.0
365,128.0
366,118.0
367,118.0
368,116.0
369,112.0
370,116.0
371,114.0
372,124.0
373,131.0
374,126.0
375,123.0
376,125.0
377,124.0
378,131.0
379,123.0
380,124.0
381,120.0
382,125.0
383,117.0
384,117.0
385,117.0
386,117.0
387,122.0
388,125.0
389,125.0
390,118.0
391,118.0
392,118.0
393,114.0
394,113.0
395,117.0
396,117.0
397,114.0
398,118.0
399,123.0
400,118.0
401,119.0
402,116.0
403,118.0
404,117.0
405,118.0
406,116.0
407,118.0
408,118.0
409,118.0
410,118.0
411,122.0
412,118.0
413,117.0
414,114.0
415,113.0
416,118.0
417,122.0
418,119.0
419,118.0
420,122.0
421,123.0
422,124.0
423,123.0
424,123.0
425,124.0
426,117.0
427,113.0
428,115.0
429,130.0
430,123.0
431,124.0
432,114.0
433,118.0
434,113.0
435,114.0
436,113.0
437,114.0
438,117.0
439,113.0
440,113.0
441,119.0
442,117.0
443,118.0
444,119.0
445,118.0
446,119.0
447,130.0
448,117.0
449,120.0
450,109.0
451,110.0
452,110.0
453,114.0
454,116.0
455,115.0
456,119.0
457,118.0
458,118.0
459,113.0
460,113.0
461,110.0
462,104.0
463,104.0
464,104.0
465,118.0
466,115.0
467,115.0
468,118.0
469,116.0
470,118.0
471,115.0
472,114.0
473,110.0
474,116.0
475,118.0
476,116.0
477,118.0
478,118.0
479,116.0
480,123.0
481,123.0
482,120.0
483,117.0
484,108.0
485,118.0
486,130.0
487,121.0
488,125.0
489,125.0
490,123.0
491,121.0
492,124.0
493,121.0
494,124.0
495,128.0
496,121.0
497,122.0
498,126.0
499,124.0
500,123.0
501,125.0
502,124.0
503,123.0
504,126.0
505,114.0
506,127.0
507,127.0
508,125.0
509,124.0
510,137.0
511,123.0
512,130.0
513,123.0
514,123.0
515,124.0
516,125.0
517,125.0
518,123.0
519,130.0
520,120.0
521,122.0
522,130.0
523,118.0
524,132.0
525,123.0
526,126.0
527,125.0
528,126.0
529,124.0
530,125.0
531,126.0
532,126.0
533,124.0
534,123.0
535,126.0
536,124.0
537,130.0
538,121.0
539,122.0
540,114.0
541,108.0
542,116.0
543,115.0
544,114.0
545,110.0
546,108.0
547,113.0
548,104.0
549,109.0
550,113.0
551,114.0
552,121.0
553,116.0
554,118.0
555,116.0
556,114.0
557,114.0
558,118.0
559,116.0
560,117.0
561,118.0
562,117.0
563,120.0
564,125.0
565,118.0
566,118.0
567,124.0
568,118.0
569,118.0
570,125.0
571,123.0
572,127.0
573,116.0
574,118.0
575,117.0
576,118.0
577,120.0
578,116.0
579,117.0
580,117.0
581,119.0
582,118.0
583,116.0
584,121.0
585,122.0
586,123.0
587,121.0
588,120.0
589,114.0
590,118.0
591,121.0
592,123.0
593,119.0
594,108.0
595,104.0
596,110.0
597,114.0
598,104.0
599,113.0
600,120.0
601,116.0
602,121.0
603,124.0
604,126.0
605,121.0
606,124.0
607,123.0
608,114.0
609,111.0
610,116.0
611,113.0
612,120.0
613,118.0
614,118.0
615,123.0
616,108.0
617,104.0
618,121.0
619,119.0
620,118.0
621,117.0
622,116.0
623,114.0
624,130.0
625,125.0
626,127.0
627,117.0
628,114.0
629,109.0
630,121.0
631,115.0
632,116.0
633,126.0
634,137.0
635,137.0
636,114.0
637,117.0
638,118.0
639,113.0
640,107.0
641,115.0
642,113.0
643,113.0
644,109.0
645,117.0
646,118.0
647,118.0
648,124.0
649,119.0
650,115.0
651,108.0
652,104.0
653,116.0
654,110.0
655,109.0
656,104.0
657,110.0
658,108.0
659,104.0
660,116.0
661,117.0
662,113.0
663,119.0
664,112.0
665,121.0
666,113.0
667,113.0
668,114.0
669,114.0
670,112.0
671,109.0
672,123.0
673,119.0
674,125.0
675,127.0
676,124.0
677,123.0
678,130.0
679,134.0
680,132.0
681,130.0
682,134.0
683,134.0
684,134.0
685,130.0
686,131.0
687,137.0
688,134.0
689,131.0
690,137.0
691,134.0
692,130.0
693,133.0
694,125.0
695,130.0
696,121.0
697,115.0
698,118.0
699,126.0
700,123.0
701,132.0
702,121.0
703,130.0
704,128.0
705,145.0
706,125.0
707,128.0
708,117.0
709,116.0
710,114.0
711,123.0
712,116.0
713,117.0
714,125.0
715,130.0
716,124.0
717,128.0
718,127.0
719,124.0
720,108.0
721,104.0
722,99.0
723,104.0
724,99.0
725,99.0
726,116.0
727,114.0
728,113.0
729,114.0
730,114.0
731,104.0
732,104.0
733,104.0
734,104.0
735,109.0
736,104.0
737,104.0
738,98.0
739,104.0
740,104.0
741,109.0
742,99.0
743,104.0
744,104.0
745,104.0
746,104.0
747,121.0
748,115.0
749,116.0
750,118.0
751,110.0
752,114.0
753,125.0
754,123.0
755,121.0
756,130.0
757,124.0
758,125.0
759,114.0
760,116.0
761,115.0
762,116.0
763,104.0
764,108.0
765,127.0
766,123.0
767,124.0
768,123.0
769,123.0
770,124.0
771,120.0
772,121.0
773,118.0
774,120.0
775,116.0
776,119.0
777,123.0
778,118.0
779,117.0
780,110.0
781,118.0
782,121.0
783,116.0
784,116.0
785,114.0
