,0
1833,126.0
1834,127.0
1835,127.0
1836,127.0
1837,129.0
1838,127.0
1839,128.0
1840,128.0
1841,128.0
1842,131.0
1843,130.0
1844,127.0
1845,130.0
1846,128.0
1847,128.0
1848,128.0
1849,126.0
1850,130.0
1851,128.0
1852,129.0
1853,129.0
1854,130.0
1855,130.0
1856,132.0
1857,128.0
1858,128.0
1859,128.0
1860,124.0
1861,130.0
1862,130.0
1863,132.0
1864,127.0
1865,128.0
1866,127.0
1867,129.0
1868,125.0
1869,127.0
1870,125.0
1871,132.0
1872,130.0
1873,129.0
1874,129.0
1875,132.0
1876,130.0
1877,126.0
1878,128.0
1879,124.0
1880,130.0
1881,132.0
1882,132.0
1883,132.0
1884,131.0
1885,132.0
1886,132.0
1887,132.0
1888,133.0
1889,129.0
1890,131.0
1891,132.0
1892,126.0
1893,124.0
1894,124.0
1895,130.0
1896,130.0
1897,130.0
1898,134.0
1899,132.0
1900,130.0
1901,136.0
1902,127.0
1903,130.0
1904,127.0
1905,130.0
1906,128.0
1907,128.0
1908,129.0
1909,127.0
1910,126.0
1911,126.0
1912,124.0
1913,127.0
1914,127.0
1915,126.0
1916,127.0
1917,127.0
1918,126.0
1919,125.0
1920,130.0
1921,128.0
1922,128.0
1923,134.0
1924,128.0
1925,130.0
1926,132.0
1927,132.0
1928,132.0
1929,132.0
1930,132.0
1931,130.0
1932,132.0
1933,132.0
1934,130.0
1935,128.0
1936,129.0
1937,129.0
1938,132.0
1939,132.0
1940,130.0
1941,128.0
1942,123.0
1943,127.0
1944,126.0
1945,127.0
1946,129.0
1947,128.0
1948,130.0
1949,128.0
1950,128.0
1951,130.0
1952,130.0
1953,128.0
1954,130.0
1955,132.0
1956,132.0
1957,132.0
1958,127.0
1959,127.0
1960,127.0
1961,127.0
1962,128.0
1963,129.0
1964,135.0
1965,127.0
1966,126.0
1967,127.0
1968,127.0
1969,126.0
1970,131.0
1971,130.0
1972,133.0
1973,132.0
1974,126.0
1975,124.0
1976,128.0
1977,127.0
1978,123.0
1979,117.0
1980,121.0
1981,127.0
1982,128.0
1983,128.0
1984,130.0
1985,124.0
1986,123.0
1987,125.0
1988,127.0
1989,130.0
1990,128.0
1991,127.0
1992,130.0
1993,127.0
1994,128.0
1995,128.0
1996,127.0
1997,136.0
1998,145.0
1999,133.0
2000,129.0
2001,132.0
2002,128.0
2003,128.0
2004,134.0
2005,136.0
2006,138.0
2007,136.0
2008,136.0
2009,136.0
2010,136.0
2011,136.0
2012,136.0
2013,137.0
2014,135.0
2015,136.0
2016,138.0
2017,136.0
2018,136.0
2019,136.0
2020,134.0
2021,136.0
2022,140.0
2023,136.0
2024,136.0
2025,138.0
2026,135.0
2027,137.0
2028,132.0
2029,135.0
2030,136.0
2031,132.0
2032,136.0
2033,137.0
2034,136.0
2035,136.0
2036,137.0
2037,133.0
2038,136.0
2039,136.0
2040,134.0
2041,133.0
2042,137.0
2043,135.0
2044,130.0
2045,129.0
2046,129.0
2047,132.0
2048,131.0
2049,132.0
2050,130.0
2051,134.0
2052,132.0
2053,136.0
2054,133.0
2055,135.0
2056,130.0
2057,132.0
2058,126.0
2059,127.0
2060,128.0
2061,130.0
2062,131.0
2063,130.0
2064,128.0
2065,128.0
2066,132.0
2067,127.0
2068,128.0
2069,128.0
2070,130.0
2071,132.0
2072,132.0
2073,132.0
2074,133.0
2075,134.0
2076,136.0
2077,130.0
2078,132.0
2079,132.0
2080,132.0
2081,132.0
2082,132.0
2083,132.0
2084,132.0
2085,132.0
2086,139.0
2087,127.0
2088,126.0
2089,126.0
2090,125.0
2091,126.0
2092,125.0
2093,127.0
2094,127.0
2095,125.0
2096,126.0
2097,126.0
2098,127.0
2099,122.0
2100,123.0
2101,122.0
2102,127.0
2103,130.0
2104,132.0
2105,130.0
2106,130.0
2107,127.0
2108,123.0
2109,123.0
2110,127.0
2111,128.0
2112,127.0
2113,124.0
2114,127.0
2115,128.0
2116,130.0
2117,128.0
2118,130.0
2119,128.0
2120,130.0
2121,131.0
2122,132.0
2123,135.0
2124,134.0
2125,140.0
2126,135.0
2127,136.0
2128,136.0
2129,134.0
2130,135.0
2131,136.0
2132,134.0
2133,130.0
2134,132.0
2135,135.0
2136,134.0
2137,132.0
2138,136.0
2139,133.0
2140,135.0
2141,132.0
2142,134.0
2143,132.0
2144,132.0
2145,135.0
2146,132.0
2147,134.0
2148,135.0
2149,140.0
2150,132.0
2151,132.0
2152,137.0
2153,128.0
2154,131.0
2155,136.0
2156,134.0
2157,136.0
2158,135.0
2159,132.0
2160,135.0
2161,151.0
2162,144.0
2163,133.0
2164,131.0
2165,135.0
2166,132.0
2167,132.0
2168,134.0
2169,132.0
2170,130.0
2171,132.0
2172,131.0
2173,134.0
2174,132.0
2175,132.0
2176,132.0
2177,132.0
2178,132.0
2179,134.0
2180,130.0
2181,132.0
2182,130.0
2183,132.0
2184,132.0
2185,131.0
2186,134.0
2187,136.0
2188,134.0
2189,134.0
2190,130.0
2191,130.0
2192,130.0
2193,130.0
2194,139.0
2195,135.0
2196,133.0
2197,134.0
2198,133.0
2199,140.0
2200,136.0
2201,140.0
2202,130.0
2203,132.0
2204,132.0
2205,134.0
2206,132.0
2207,130.0
2208,130.0
2209,132.0
2210,138.0
2211,147.0
2212,147.0
2213,137.0
2214,132.0
2215,131.0
2216,132.0
2217,135.0
2218,140.0
2219,137.0
2220,148.0
2221,139.0
2222,127.0
2223,126.0
2224,128.0
2225,130.0
2226,130.0
2227,128.0
2228,127.0
2229,128.0
2230,137.0
2231,134.0
2232,134.0
2233,135.0
2234,132.0
2235,132.0
2236,128.0
2237,129.0
2238,128.0
2239,128.0
2240,124.0
2241,131.0
2242,136.0
2243,132.0
2244,132.0
2245,129.0
2246,128.0
2247,132.0
2248,130.0
2249,132.0
2250,130.0
2251,128.0
2252,131.0
2253,132.0
2254,138.0
2255,133.0
2256,135.0
2257,132.0
2258,132.0
2259,131.0
2260,134.0
2261,134.0
2262,134.0
2263,134.0
2264,130.0
2265,129.0
2266,130.0
2267,132.0
2268,128.0
2269,132.0
2270,132.0
2271,128.0
2272,129.0
2273,130.0
2274,128.0
2275,130.0
2276,131.0
2277,129.0
2278,135.0
2279,134.0
2280,129.0
2281,130.0
2282,134.0
2283,128.0
2284,131.0
2285,134.0
2286,130.0
2287,130.0
2288,131.0
2289,130.0
2290,130.0
2291,125.0
2292,122.0
2293,124.0
2294,123.0
2295,125.0
2296,124.0
2297,125.0
2298,127.0
2299,126.0
2300,128.0
2301,127.0
2302,129.0
2303,127.0
2304,132.0
2305,126.0
2306,127.0
2307,125.0
2308,128.0
2309,125.0
2310,124.0
2311,142.0
2312,143.0
2313,140.0
2314,138.0
2315,145.0
2316,128.0
2317,138.0
2318,140.0
2319,140.0
2320,140.0
2321,132.0
2322,132.0
2323,131.0
2324,131.0
2325,131.0
2326,134.0
2327,130.0
2328,130.0
2329,136.0
2330,134.0
2331,136.0
2332,138.0
2333,143.0
2334,140.0
2335,127.0
2336,139.0
2337,128.0
2338,125.0
2339,125.0
2340,125.0
2341,126.0
2342,125.0
2343,126.0
2344,124.0
2345,124.0
2346,125.0
2347,125.0
2348,123.0
2349,134.0
2350,148.0
2351,136.0
2352,138.0
2353,132.0
2354,128.0
2355,137.0
2356,128.0
2357,125.0
2358,125.0
2359,123.0
2360,124.0
2361,133.0
2362,132.0
2363,132.0
2364,130.0
2365,128.0
2366,128.0
2367,125.0
2368,127.0
2369,126.0
2370,127.0
2371,124.0
2372,124.0
2373,125.0
2374,130.0
2375,130.0
2376,128.0
2377,129.0
2378,130.0
2379,129.0
2380,127.0
2381,128.0
2382,128.0
2383,127.0
2384,128.0
2385,132.0
2386,132.0
2387,131.0
2388,125.0
2389,132.0
2390,135.0
2391,133.0
2392,132.0
2393,132.0
2394,128.0
2395,129.0
2396,134.0
2397,132.0
2398,130.0
2399,130.0
2400,130.0
2401,130.0
2402,129.0
2403,131.0
2404,134.0
2405,132.0
2406,132.0
2407,132.0
2408,134.0
2409,132.0
2410,134.0
2411,130.0
2412,135.0
2413,132.0
2414,132.0
2415,132.0
2416,134.0
2417,128.0
2418,131.0
2419,134.0
2420,131.0
2421,134.0
2422,132.0
2423,136.0
2424,131.0
2425,132.0
2426,132.0
2427,132.0
2428,133.0
2429,131.0
2430,132.0
2431,128.0
2432,134.0
2433,134.0
2434,131.0
2435,132.0
2436,132.0
2437,132.0
2438,134.0
2439,130.0
2440,136.0
2441,134.0
2442,134.0
2443,133.0
2444,133.0
2445,133.0
2446,135.0
2447,131.0
2448,133.0
2449,130.0
2450,133.0
2451,136.0
2452,132.0
2453,132.0
2454,134.0
2455,132.0
2456,79.0
2457,82.0
2458,85.0
2459,84.0
2460,83.0
2461,83.0
2462,82.0
2463,82.0
2464,85.0
2465,82.0
2466,85.0
2467,84.0
2468,80.0
2469,83.0
2470,83.0
2471,83.0
2472,83.0
2473,84.0
2474,81.0
2475,84.0
2476,83.0
2477,83.0
2478,87.0
2479,85.0
2480,81.0
2481,83.0
2482,83.0
2483,82.0
2484,81.0
2485,86.0
2486,87.0
2487,82.0
2488,81.0
2489,83.0
2490,82.0
2491,83.0
2492,83.0
2493,85.0
2494,85.0
2495,86.0
2496,85.0
2497,83.0
2498,85.0
2499,83.0
2500,87.0
2501,83.0
2502,91.0
2503,82.0
2504,88.0
2505,88.0
2506,88.0
2507,89.0
2508,88.0
2509,88.0
2510,87.0
2511,88.0
2512,88.0
2513,88.0
2514,87.0
2515,88.0
2516,82.0
2517,82.0
2518,80.0
2519,83.0
2520,83.0
2521,85.0
2522,83.0
2523,88.0
2524,91.0
2525,88.0
2526,89.0
2527,87.0
2528,87.0
2529,85.0
2530,83.0
2531,83.0
2532,88.0
2533,83.0
2534,82.0
2535,83.0
2536,84.0
2537,83.0
2538,82.0
2539,84.0
2540,84.0
2541,83.0
2542,85.0
2543,83.0
2544,85.0
2545,88.0
2546,86.0
2547,84.0
2548,84.0
2549,85.0
2550,83.0
2551,84.0
2552,84.0
2553,83.0
2554,87.0
2555,85.0
2556,91.0
2557,86.0
2558,82.0
2559,86.0
2560,83.0
2561,88.0
2562,86.0
2563,83.0
2564,83.0
2565,85.0
2566,86.0
2567,83.0
2568,80.0
2569,79.0
2570,83.0
2571,82.0
2572,83.0
2573,81.0
2574,90.0
2575,83.0
2576,82.0
2577,85.0
2578,80.0
2579,83.0
2580,83.0
2581,83.0
2582,82.0
2583,80.0
2584,81.0
2585,79.0
2586,82.0
2587,80.0
2588,79.0
2589,79.0
2590,81.0
2591,81.0
2592,82.0
2593,79.0
2594,83.0
2595,81.0
2596,84.0
2597,82.0
2598,80.0
2599,77.0
2600,79.0
2601,83.0
2602,81.0
2603,83.0
2604,79.0
2605,80.0
2606,81.0
2607,80.0
2608,83.0
2609,80.0
2610,79.0
2611,78.0
2612,79.0
2613,81.0
2614,81.0
2615,83.0
2616,83.0
2617,81.0
2618,81.0
2619,86.0
2620,81.0
2621,84.0
2622,85.0
2623,85.0
2624,86.0
2625,85.0
2626,85.0
2627,85.0
2628,95.0
2629,91.0
2630,91.0
2631,96.0
2632,88.0
2633,91.0
2634,95.0
2635,89.0
2636,88.0
2637,92.0
2638,88.0
2639,96.0
2640,90.0
2641,85.0
2642,92.0
2643,86.0
2644,91.0
2645,93.0
2646,89.0
2647,93.0
2648,91.0
2649,89.0
2650,91.0
2651,91.0
2652,89.0
2653,89.0
2654,96.0
2655,86.0
2656,89.0
2657,91.0
2658,89.0
2659,91.0
2660,85.0
2661,91.0
2662,89.0
2663,89.0
2664,89.0
2665,85.0
2666,91.0
2667,89.0
2668,84.0
2669,85.0
2670,87.0
2671,82.0
2672,85.0
2673,91.0
2674,92.0
2675,85.0
2676,85.0
2677,88.0
2678,95.0
2679,96.0
2680,84.0
2681,93.0
2682,87.0
2683,86.0
2684,83.0
2685,83.0
2686,83.0
2687,85.0
2688,81.0
2689,84.0
2690,82.0
2691,91.0
2692,84.0
2693,92.0
2694,89.0
2695,91.0
2696,85.0
2697,91.0
2698,92.0
2699,82.0
2700,82.0
2701,84.0
2702,87.0
2703,85.0
2704,88.0
2705,85.0
2706,89.0
2707,88.0
2708,84.0
2709,87.0
2710,86.0
2711,81.0
2712,83.0
2713,85.0
2714,83.0
2715,83.0
2716,82.0
2717,89.0
2718,83.0
2719,82.0
2720,81.0
2721,90.0
2722,88.0
2723,87.0
2724,78.0
2725,79.0
2726,81.0
2727,92.0
2728,91.0
2729,91.0
2730,91.0
2731,83.0
2732,80.0
2733,80.0
2734,82.0
2735,79.0
2736,82.0
2737,79.0
2738,83.0
2739,87.0
2740,88.0
2741,83.0
2742,81.0
2743,85.0
2744,85.0
2745,86.0
2746,88.0
2747,88.0
2748,91.0
2749,94.0
2750,87.0
2751,87.0
2752,91.0
2753,89.0
2754,90.0
2755,89.0
2756,89.0
2757,100.0
2758,89.0
2759,87.0
2760,88.0
2761,93.0
2762,90.0
2763,84.0
2764,85.0
2765,89.0
2766,86.0
2767,84.0
2768,84.0
2769,89.0
2770,87.0
2771,93.0
2772,89.0
2773,104.0
2774,91.0
2775,85.0
2776,86.0
2777,87.0
2778,86.0
2779,94.0
2780,91.0
2781,88.0
2782,89.0
2783,99.0
2784,93.0
2785,96.0
2786,92.0
2787,87.0
2788,95.0
2789,84.0
2790,94.0
2791,85.0
2792,86.0
2793,94.0
2794,83.0
2795,89.0
2796,97.0
2797,89.0
2798,85.0
2799,88.0
2800,91.0
2801,88.0
2802,94.0
2803,91.0
2804,89.0
2805,96.0
2806,81.0
2807,86.0
2808,88.0
2809,84.0
2810,92.0
2811,91.0
2812,96.0
2813,95.0
2814,84.0
2815,83.0
2816,84.0
2817,89.0
2818,120.0
2819,91.0
2820,97.0
2821,89.0
2822,88.0
2823,88.0
2824,110.0
2825,89.0
2826,84.0
2827,87.0
2828,86.0
2829,88.0
2830,85.0
2831,85.0
2832,85.0
2833,95.0
2834,102.0
2835,97.0
2836,90.0
2837,84.0
2838,89.0
2839,90.0
2840,101.0
2841,92.0
2842,95.0
2843,89.0
2844,83.0
2845,85.0
2846,86.0
2847,88.0
2848,86.0
2849,84.0
2850,88.0
2851,89.0
2852,91.0
2853,87.0
2854,91.0
2855,91.0
2856,88.0
2857,88.0
2858,86.0
2859,86.0
2860,84.0
2861,81.0
2862,82.0
2863,87.0
2864,91.0
2865,85.0
2866,87.0
2867,85.0
2868,94.0
2869,82.0
2870,89.0
2871,84.0
2872,88.0
2873,85.0
2874,89.0
2875,87.0
2876,89.0
2877,94.0
2878,88.0
2879,85.0
2880,85.0
2881,83.0
2882,87.0
2883,88.0
2884,91.0
2885,90.0
2886,98.0
2887,88.0
2888,83.0
2889,83.0
2890,85.0
2891,86.0
2892,86.0
2893,85.0
2894,89.0
2895,82.0
2896,89.0
2897,85.0
2898,82.0
2899,84.0
2900,85.0
2901,89.0
2902,90.0
2903,88.0
2904,91.0
2905,95.0
2906,91.0
2907,88.0
2908,88.0
2909,91.0
2910,95.0
2911,86.0
2912,83.0
2913,84.0
2914,82.0
2915,81.0
2916,79.0
2917,81.0
2918,87.0
2919,81.0
2920,80.0
2921,79.0
2922,81.0
2923,81.0
2924,89.0
2925,81.0
2926,79.0
2927,81.0
2928,81.0
2929,79.0
2930,83.0
2931,83.0
2932,82.0
2933,81.0
2934,79.0
2935,88.0
2936,94.0
2937,92.0
2938,93.0
2939,91.0
2940,92.0
2941,99.0
2942,104.0
2943,100.0
2944,98.0
2945,92.0
2946,94.0
2947,82.0
2948,92.0
2949,87.0
2950,86.0
2951,80.0
2952,80.0
2953,85.0
2954,86.0
2955,102.0
2956,98.0
2957,92.0
2958,87.0
2959,102.0
2960,81.0
2961,82.0
2962,83.0
2963,85.0
2964,82.0
2965,83.0
2966,88.0
2967,86.0
2968,80.0
2969,83.0
2970,81.0
2971,89.0
2972,91.0
2973,91.0
2974,96.0
2975,96.0
2976,88.0
2977,88.0
2978,87.0
2979,94.0
2980,79.0
2981,78.0
2982,80.0
2983,79.0
2984,86.0
2985,88.0
2986,87.0
2987,89.0
2988,84.0
2989,83.0
2990,87.0
2991,89.0
2992,84.0
2993,81.0
2994,86.0
2995,82.0
2996,81.0
2997,84.0
2998,82.0
2999,86.0
3000,83.0
3001,91.0
3002,87.0
3003,89.0
3004,79.0
3005,84.0
3006,83.0
3007,85.0
3008,85.0
3009,84.0
3010,91.0
3011,85.0
3012,85.0
3013,85.0
3014,86.0
3015,80.0
3016,81.0
3017,79.0
3018,83.0
3019,85.0
3020,89.0
3021,86.0
3022,88.0
3023,84.0
3024,87.0
3025,87.0
3026,87.0
3027,91.0
3028,89.0
3029,92.0
3030,87.0
3031,88.0
3032,88.0
3033,87.0
3034,91.0
3035,87.0
3036,91.0
3037,90.0
3038,85.0
3039,85.0
3040,94.0
3041,89.0
3042,87.0
3043,90.0
3044,88.0
3045,87.0
3046,88.0
3047,89.0
3048,88.0
3049,89.0
3050,85.0
3051,85.0
3052,91.0
3053,83.0
3054,89.0
3055,88.0
3056,88.0
3057,87.0
3058,86.0
3059,88.0
3060,88.0
3061,89.0
3062,87.0
3063,95.0
3064,95.0
3065,90.0
3066,87.0
3067,88.0
3068,91.0
3069,89.0
3070,86.0
3071,91.0
3072,88.0
3073,88.0
3074,88.0
3075,88.0
3076,92.0
3077,88.0
3869,78.0
3870,78.0
3871,78.0
3872,78.0
3873,78.0
3874,81.0
3875,83.0
3876,78.0
3877,81.0
3878,84.0
3879,83.0
3880,83.0
3881,81.0
3882,83.0
3883,78.0
3884,78.0
3885,81.0
3886,78.0
3887,77.0
3888,74.0
3889,78.0
3890,85.0
3891,85.0
3892,84.0
3893,76.0
3894,77.0
3895,76.0
3896,72.0
3897,72.0
3898,76.0
3899,87.0
3900,86.0
3901,86.0
3902,78.0
3903,78.0
3904,77.0
3905,78.0
3906,76.0
3907,76.0
3908,76.0
3909,76.0
3910,76.0
3911,75.0
3912,78.0
3913,76.0
3914,81.0
3915,83.0
3916,76.0
3917,84.0
3918,81.0
3919,86.0
3920,81.0
3921,78.0
3922,76.0
3923,77.0
3924,78.0
3925,75.0
3926,75.0
3927,76.0
3928,78.0
3929,73.0
3930,74.0
3931,78.0
3932,78.0
3933,78.0
3934,81.0
3935,78.0
3936,76.0
3937,78.0
3938,76.0
3939,78.0
3940,76.0
3941,78.0
3942,76.0
3943,78.0
3944,78.0
3945,78.0
3946,83.0
3947,83.0
3948,81.0
3949,86.0
3950,89.0
3951,89.0
3952,83.0
3953,81.0
3954,83.0
3955,78.0
3956,84.0
3957,83.0
3958,86.0
3959,87.0
3960,78.0
3961,83.0
3962,81.0
3963,78.0
3964,80.0
3965,81.0
3966,81.0
3967,87.0
3968,88.0
3969,87.0
3970,89.0
3971,87.0
3972,87.0
3973,84.0
3974,86.0
3975,87.0
3976,87.0
3977,86.0
3978,87.0
3979,87.0
3980,83.0
3981,87.0
3982,87.0
3983,86.0
3984,89.0
3985,86.0
3986,87.0
3987,86.0
3988,81.0
3989,83.0
3990,80.0
3991,86.0
3992,78.0
3993,76.0
3994,86.0
3995,74.0
3996,86.0
3997,81.0
3998,82.0
3999,83.0
4000,78.0
4001,78.0
4002,81.0
4003,81.0
4004,83.0
4005,78.0
4006,78.0
4007,81.0
4008,83.0
4009,77.0
4010,78.0
4011,81.0
4012,78.0
4013,76.0
4014,76.0
4015,81.0
4016,83.0
4017,78.0
4018,82.0
4019,76.0
4020,78.0
4021,76.0
4022,72.0
4023,73.0
4024,76.0
4025,78.0
4026,74.0
4027,76.0
4028,74.0
4029,76.0
4030,87.0
4031,83.0
4032,81.0
4033,83.0
4034,83.0
4035,81.0
4036,83.0
4037,86.0
4038,88.0
4039,87.0
4040,87.0
4041,83.0
4042,83.0
4043,83.0
4044,86.0
4045,88.0
4046,89.0
4047,85.0
4048,87.0
4049,86.0
4050,87.0
4051,76.0
4052,78.0
4053,76.0
4054,83.0
4055,78.0
4056,76.0
4057,83.0
4058,81.0
4059,83.0
4060,78.0
4061,83.0
4062,79.0
4063,78.0
4064,82.0
4065,76.0
4066,78.0
4067,81.0
4068,78.0
4069,83.0
4070,83.0
4071,89.0
4072,89.0
4073,84.0
4074,82.0
4075,81.0
4076,81.0
4077,82.0
4078,88.0
4079,87.0
4080,86.0
4081,86.0
4082,86.0
4083,86.0
4084,86.0
4085,83.0
4086,81.0
4087,81.0
4088,78.0
4089,78.0
4090,78.0
4091,76.0
4092,76.0
4093,84.0
4094,81.0
4095,82.0
4096,80.0
4097,79.0
4098,80.0
4099,79.0
4100,83.0
4101,78.0
4102,78.0
4103,78.0
4104,76.0
4105,83.0
4106,83.0
4107,83.0
4108,91.0
4109,87.0
4110,91.0
4111,87.0
4112,78.0
4113,87.0
4114,81.0
4115,78.0
4116,78.0
4117,90.0
4118,86.0
4119,81.0
4120,82.0
4121,78.0
4122,76.0
4123,76.0
4124,81.0
4125,78.0
4126,83.0
4127,81.0
4128,81.0
4129,83.0
4130,87.0
4131,83.0
4132,74.0
4133,73.0
4134,78.0
4135,74.0
4136,72.0
4137,78.0
4138,78.0
4139,78.0
4140,76.0
4141,77.0
4142,73.0
4143,72.0
4144,73.0
4145,76.0
4146,76.0
4147,74.0
4148,77.0
4149,76.0
4150,85.0
4151,83.0
4152,83.0
4153,83.0
4154,86.0
4155,87.0
4156,86.0
4157,87.0
4158,86.0
4159,86.0
4160,87.0
4161,86.0
4162,87.0
4163,89.0
4164,83.0
4165,89.0
4166,87.0
4167,89.0
4168,91.0
4169,87.0
4170,87.0
4171,86.0
4172,87.0
4173,86.0
4174,87.0
4175,84.0
4176,85.0
4177,81.0
4178,86.0
4179,84.0
4180,83.0
4181,86.0
4182,93.0
4183,87.0
4184,86.0
4185,87.0
4186,79.0
4187,76.0
4188,78.0
4189,82.0
4190,87.0
4191,87.0
4192,94.0
4193,87.0
4194,86.0
4195,80.0
4196,94.0
4197,92.0
4198,89.0
4199,78.0
4200,78.0
4201,79.0
4202,76.0
4203,78.0
4204,78.0
4205,83.0
4206,81.0
4207,81.0
4208,83.0
4209,78.0
4210,82.0
4211,81.0
4212,80.0
4213,78.0
4214,76.0
4215,78.0
4216,76.0
4217,78.0
4218,81.0
4219,78.0
4220,76.0
4221,78.0
4222,76.0
4223,83.0
4224,86.0
4225,80.0
4226,76.0
4227,83.0
4228,83.0
4229,78.0
4230,81.0
4231,83.0
4232,74.0
4233,76.0
4234,74.0
4235,78.0
4236,76.0
4237,76.0
4238,76.0
4239,73.0
4240,74.0
4241,86.0
4242,83.0
4243,83.0
4244,84.0
4245,83.0
4246,82.0
4247,87.0
4248,83.0
4249,78.0
4250,81.0
4251,83.0
4252,81.0
4253,83.0
4254,78.0
4255,83.0
4256,86.0
4257,86.0
4258,83.0
4259,87.0
4260,84.0
4261,84.0
